<?xml version="1.0"?>
<opencv_storage>
<calibration_time>"ven 09 dic 2016 17:50:03 CET"</calibration_time>
<nr_of_frames>25</nr_of_frames>
<image_width>640</image_width>
<image_height>480</image_height>
<board_width>9</board_width>
<board_height>6</board_height>
<square_size>12.</square_size>
<fix_aspect_ratio>1.</fix_aspect_ratio>
<!-- flags: +fix_aspectRatio +fix_principal_point +zero_tangent_dist -->
<flags>6158</flags>
<fisheye_model>0</fisheye_model>
<camera_matrix type_id="opencv-matrix">
  <rows>3</rows>
  <cols>3</cols>
  <dt>d</dt>
  <data>
    1.1029306292014924e+03 0. 3.1950000000000000e+02 0.
    1.1029306292014924e+03 2.3950000000000000e+02 0. 0. 1.</data></camera_matrix>
<distortion_coefficients type_id="opencv-matrix">
  <rows>5</rows>
  <cols>1</cols>
  <dt>d</dt>
  <data>
    -3.0077359914194270e-02 -3.3506088885837393e+01 0. 0.
    6.6507700407386619e+02</data></distortion_coefficients>
<avg_reprojection_error>1.2641121054748669e-01</avg_reprojection_error>
<per_view_reprojection_errors type_id="opencv-matrix">
  <rows>25</rows>
  <cols>1</cols>
  <dt>f</dt>
  <data>
    1.52388930e-01 1.86483234e-01 1.40678078e-01 1.51519224e-01
    1.42898947e-01 1.47442356e-01 1.55066192e-01 1.21508390e-01
    1.29500806e-01 1.07419461e-01 1.08368225e-01 1.12837985e-01
    9.98924077e-02 1.10405348e-01 1.24053910e-01 1.18414544e-01
    9.91234779e-02 1.06529295e-01 1.14213370e-01 1.17386095e-01
    1.18598066e-01 1.16434008e-01 1.04926258e-01 1.13847166e-01
    1.17571212e-01</data></per_view_reprojection_errors>
<extrinsic_parameters type_id="opencv-matrix">
  <rows>25</rows>
  <cols>6</cols>
  <dt>d</dt>
  <data>
    6.5605281360190421e-02 7.3992101243027561e-02 3.0222851319890989e+00
    2.1142898801833169e+01 2.2642790316005922e+01 5.3778706261954846e+02
    5.9338909697453812e-02 9.7553724315587551e-02 3.0211394004120540e+00
    2.1557849374430738e+01 2.0811458069092751e+01 5.4268895019938077e+02
    8.0086831739448056e-02 8.7391165294400275e-02 3.0220488828087344e+00
    2.1848696104189273e+01 1.9620145237999012e+01 5.4315522631767590e+02
    7.9620911463252161e-02 7.3948385622318369e-02 3.0231024369489394e+00
    2.2457275352010605e+01 2.0338733829773243e+01 5.4531000115614654e+02
    8.7241071243620655e-02 1.0021782073398651e-01 3.0300372313163346e+00
    2.2413697053371919e+01 2.1810192016313891e+01 5.4399130944485034e+02
    8.6420730196762385e-02 8.7588854487554518e-02 3.0364640657343460e+00
    2.2646086227384767e+01 2.2710696720199007e+01 5.3997413248703094e+02
    8.3543578250215342e-02 1.3458759253049077e-01 3.0558381101327110e+00
    2.4829412616896896e+01 2.2897239315927983e+01 5.4134037836321772e+02
    9.0986188410028659e-02 1.4913746203995160e-01 3.0655187530679844e+00
    2.7130306400522155e+01 2.2031858700424380e+01 5.4153566523190432e+02
    8.6752883605443296e-02 1.7000020197556376e-01 3.0662564057735677e+00
    2.7676276404692405e+01 2.0171732329470650e+01 5.4141555412071875e+02
    9.2778108547622862e-02 1.6964286141024049e-01 3.0648505419715408e+00
    2.8094283084686491e+01 1.7944022820767259e+01 5.4189899215882190e+02
    9.0842322725092239e-02 1.7360705202828031e-01 3.0645166572255507e+00
    2.7653401593956719e+01 1.6868662139500245e+01 5.4148207583335613e+02
    9.8871629434710576e-02 1.7224384645956856e-01 3.0631701037662840e+00
    2.7830938142908995e+01 1.5104523876487557e+01 5.4130422624482549e+02
    1.0072471943377159e-01 1.6976249102569488e-01 3.0637570524938003e+00
    2.7209427224950122e+01 1.5786685788208855e+01 5.4021862288552165e+02
    1.0941719187364721e-01 1.6576461081189892e-01 3.0625130248534904e+00
    2.6655579195056553e+01 1.5631930685536233e+01 5.3948871680007642e+02
    1.0677612858706044e-01 1.7411118440761500e-01 3.0633992636380487e+00
    2.6465204411729239e+01 1.4940217376371479e+01 5.4015568714050141e+02
    1.0571211173385890e-01 1.7118375573391156e-01 3.0627703897016705e+00
    2.7176127826396591e+01 1.3405482199394806e+01 5.4171139564597365e+02
    1.0423463615958900e-01 1.7102612790537894e-01 3.0646191267087106e+00
    2.7472794926019699e+01 1.3895256421623806e+01 5.4137269456351271e+02
    1.1216985721942567e-01 1.6557160213884667e-01 3.0612940751814146e+00
    2.7596272249252522e+01 1.2330095718190684e+01 5.4155811803598351e+02
    1.1669580136455372e-01 1.6843798863796700e-01 3.0615307437476784e+00
    2.7765783362885163e+01 1.2576641161914608e+01 5.4100568200987323e+02
    1.2134142879499298e-01 1.7808229433389100e-01 3.0635085426473916e+00
    2.7640529387099072e+01 1.2540600108004536e+01 5.4030633327265730e+02
    1.1950033048195931e-01 1.7395519514884045e-01 3.0620593219758176e+00
    2.7704911124620423e+01 1.1690040119712108e+01 5.4004988766263557e+02
    1.1792912954991731e-01 1.7554564014246740e-01 3.0612199028285985e+00
    2.7839050090658674e+01 1.1210009032503697e+01 5.4060186726736345e+02
    1.1450891022770028e-01 1.7326996920073737e-01 3.0611474170486201e+00
    2.7486711194194477e+01 1.1033165907154570e+01 5.4094846326485424e+02
    1.1498473822218382e-01 1.6783186493896327e-01 3.0609146966653480e+00
    2.7624571698457824e+01 1.1293819343029918e+01 5.4205754509538065e+02
    1.0915957151065989e-01 1.7762691319940646e-01 3.0596947050166445e+00
    2.7973991870866257e+01 1.0795220793836004e+01 5.4315382225659903e+02</data></extrinsic_parameters>
