%YAML:1.0
calibration_time: "gio 25 mag 2017 12:46:05 CEST"
image_width: 320
image_height: 240
flags: 0
camera_matrix: !!opencv-matrix
   rows: 3
   cols: 3
   dt: d
   data: [ 4.4422125535796988e+02, 0., 1.6666770998222347e+02, 0.,
       4.4651399511544338e+02, 1.3248056524320029e+02, 0., 0., 1. ]
distortion_coefficients: !!opencv-matrix
   rows: 1
   cols: 5
   dt: d
   data: [ -4.0737664169882989e-02, -2.1527903774183010e-01,
       3.8035376056337758e-03, 1.8115817257048324e-03,
       -5.2827061106704951e+00 ]
avg_reprojection_error: 1.2443845386905286e-01
