<?xml version="1.0"?>
<opencv_storage>
<camera_matrix type_id="opencv-matrix">
  <rows>3</rows>
  <cols>3</cols>
  <dt>d</dt>
  <data>
    1.0625037892830162e+03 0. 3.1786201550990125e+02 0.
    1.1631007274976953e+03 3.2204561974106394e+02 0. 0. 1.</data></camera_matrix>
<distortion_coefficients type_id="opencv-matrix">
  <rows>5</rows>
  <cols>1</cols>
  <dt>d</dt>
  <data>
    -3.5121439722905823e-01 6.6633993462052454e-01
    -4.0408017757956665e-03 3.1211921068482348e-03 0.</data></distortion_coefficients>
</opencv_storage>
