%YAML:1.0
---
calibration_time: "dom 21 mag 2017 19:33:00 CEST"
image_width: 720
image_height: 576
flags: 0
camera_matrix: !!opencv-matrix
   rows: 3
   cols: 3
   dt: d
   data: [ 1.4954029610746272e+03, 0., 3.5910162795274056e+02, 0.,
       2.0247736277516253e+03, 2.9381008750221326e+02, 0., 0., 1. ]
distortion_coefficients: !!opencv-matrix
   rows: 1
   cols: 5
   dt: d
   data: [ -4.5758359157032119e-01, -1.1077552353259446e+01,
       5.3599081319012781e-02, 1.8495284719770005e-02,
       1.9328773068810139e+02 ]
avg_reprojection_error: 3.9504967938714036e-01
