<?xml version="1.0"?>
<opencv_storage>
<calibration_time>"sab 17 dic 2016 18:02:44 CET"</calibration_time>
<nr_of_frames>25</nr_of_frames>
<image_width>720</image_width>
<image_height>576</image_height>
<board_width>9</board_width>
<board_height>6</board_height>
<square_size>50.</square_size>
<fix_aspect_ratio>1.</fix_aspect_ratio>
<!-- flags: +fix_aspectRatio +fix_principal_point +zero_tangent_dist -->
<flags>6158</flags>
<fisheye_model>0</fisheye_model>
<camera_matrix type_id="opencv-matrix">
  <rows>3</rows>
  <cols>3</cols>
  <dt>d</dt>
  <data>
    8.7467753998219814e+03 0. 3.5950000000000000e+02 0.
    8.7467753998219814e+03 2.8750000000000000e+02 0. 0. 1.</data></camera_matrix>
<distortion_coefficients type_id="opencv-matrix">
  <rows>5</rows>
  <cols>1</cols>
  <dt>d</dt>
  <data>
    -2.3858056174218941e+01 1.0690923735653829e+04 0. 0.
    -7.8826297824574766e+01</data></distortion_coefficients>
<avg_reprojection_error>8.2814476042831786e-01</avg_reprojection_error>
<per_view_reprojection_errors type_id="opencv-matrix">
  <rows>25</rows>
  <cols>1</cols>
  <dt>f</dt>
  <data>
    9.27033901e-01 8.15455198e-01 8.28373611e-01 8.30305636e-01
    8.19935918e-01 8.24277580e-01 8.23479652e-01 8.30320776e-01
    8.27416837e-01 8.20225418e-01 8.21557224e-01 8.29930246e-01
    8.23638320e-01 8.20196867e-01 8.26115131e-01 8.17732155e-01
    8.17693710e-01 8.24546635e-01 8.22022796e-01 8.24487865e-01
    8.21305275e-01 8.30141962e-01 8.24295938e-01 8.27004790e-01
    8.19682896e-01</data></per_view_reprojection_errors>
<extrinsic_parameters type_id="opencv-matrix">
  <rows>25</rows>
  <cols>6</cols>
  <dt>d</dt>
  <data>
    -3.4418059472888218e-01 3.5500151669701585e-01
    -1.5782915206384984e+00 -5.7527609194919499e+01
    1.9062137685106862e+02 9.0733808945449691e+03
    -3.4536499067798049e-01 3.5556599513497078e-01
    -1.5787480140041796e+00 -5.7435190711943093e+01
    1.9069640677942652e+02 9.0707042258232577e+03
    -3.4567853177609198e-01 3.5557328547247441e-01
    -1.5790615220927973e+00 -5.7381835624927156e+01
    1.9072827218900179e+02 9.0709852482802362e+03
    -3.4540756111209836e-01 3.5525470869008080e-01
    -1.5792547494636711e+00 -5.7384820442563360e+01
    1.9074122645551347e+02 9.0713222899510456e+03
    -3.4566714679043370e-01 3.5543820095938911e-01
    -1.5794102421391767e+00 -5.7342134182009019e+01
    1.9075274568243185e+02 9.0709974852347787e+03
    -3.4571989813308290e-01 3.5536043789506694e-01
    -1.5795370179298889e+00 -5.7329963432820634e+01
    1.9076515605514800e+02 9.0712263673183115e+03
    -3.4567957251889864e-01 3.5553062665592705e-01
    -1.5795449289541637e+00 -5.7322854958162189e+01
    1.9076315161566481e+02 9.0710612053303066e+03
    -3.4578212798879510e-01 3.5523738603692689e-01
    -1.5796145178641072e+00 -5.7328669749921460e+01
    1.9076462051798879e+02 9.0710345406185861e+03
    -3.4590826184523210e-01 3.5547969544510577e-01
    -1.5795930704789189e+00 -5.7303113154378764e+01
    1.9077125671397133e+02 9.0707648992410686e+03
    -3.4569059561905824e-01 3.5549912321868676e-01
    -1.5796469464346756e+00 -5.7302804130239181e+01
    1.9077110396481663e+02 9.0709264176155630e+03
    -3.4576548339576019e-01 3.5565934724165565e-01
    -1.5796325657508188e+00 -5.7288756100585708e+01
    1.9076552415087804e+02 9.0708444551013108e+03
    -3.4579324558754265e-01 3.5547470675131010e-01
    -1.5796824176047914e+00 -5.7299172623861686e+01
    1.9077676798860625e+02 9.0707948636690380e+03
    -3.4548969322733697e-01 3.5546417560041921e-01
    -1.5797489120652488e+00 -5.7291653828039884e+01
    1.9077476178935117e+02 9.0714250350729544e+03
    -3.4596753796839280e-01 3.5540398820454905e-01
    -1.5796875236980306e+00 -5.7304259612610586e+01
    1.9078252658343715e+02 9.0706014257286879e+03
    -3.4574014797661723e-01 3.5527425460743584e-01
    -1.5797507433879940e+00 -5.7302685434659800e+01
    1.9078157975774164e+02 9.0705206791122564e+03
    -3.4552798015932717e-01 3.5537924496109796e-01
    -1.5796949606367874e+00 -5.7298962301265618e+01
    1.9077081523096180e+02 9.0712423526457060e+03
    -3.4583766889567757e-01 3.5524697800558713e-01
    -1.5797103856804102e+00 -5.7307880991823055e+01
    1.9078228686118555e+02 9.0706923949265456e+03
    -3.4574732081920778e-01 3.5547242756915837e-01
    -1.5797860635799610e+00 -5.7269609049636372e+01
    1.9079331979132562e+02 9.0708570980661316e+03
    -3.4562727869151888e-01 3.5553469762423323e-01
    -1.5797365134941430e+00 -5.7277273825951077e+01
    1.9077237546596868e+02 9.0709798747254954e+03
    -3.4574406233391358e-01 3.5542771528246908e-01
    -1.5798162367418318e+00 -5.7267424383916193e+01
    1.9078817433070734e+02 9.0711989943703684e+03
    -3.4603212720137599e-01 3.5536721622431450e-01
    -1.5797541719715040e+00 -5.7272310933726736e+01
    1.9077997896858702e+02 9.0713053704093218e+03
    -3.4576125948639808e-01 3.5507074128265415e-01
    -1.5798232752785000e+00 -5.7289999348862608e+01
    1.9078164903165353e+02 9.0719099331868474e+03
    -3.4581252633821508e-01 3.5543236293258762e-01
    -1.5797489244520175e+00 -5.7276820074370939e+01
    1.9076636190552654e+02 9.0710445017175243e+03
    -3.4579477555224530e-01 3.5554235955452651e-01
    -1.5797710894176089e+00 -5.7262976162890027e+01
    1.9077784882469308e+02 9.0712775732935061e+03
    -3.4576345164339323e-01 3.5547485152355179e-01
    -1.5797728407393092e+00 -5.7269696415167012e+01
    1.9077161575171883e+02 9.0712041875613559e+03</data></extrinsic_parameters>
