<?xml version="1.0"?>
<opencv_storage>
<calibration_time>"Fri 17 Mar 2017 02:33:42 PM PDT"</calibration_time>
<nr_of_frames>25</nr_of_frames>
<image_width>960</image_width>
<image_height>540</image_height>
<board_width>9</board_width>
<board_height>6</board_height>
<square_size>9.3900002539157867e-03</square_size>
<fix_aspect_ratio>1.</fix_aspect_ratio>
<!-- flags: +fix_aspectRatio +fix_principal_point +zero_tangent_dist -->
<flags>6158</flags>
<fisheye_model>0</fisheye_model>
<camera_matrix type_id="opencv-matrix">
  <rows>3</rows>
  <cols>3</cols>
  <dt>d</dt>
  <data>
    2.6508660505420826e+03 0. 480. 0. 2.6508660505420826e+03 270. 0. 0.
    1.</data></camera_matrix>
<distortion_coefficients type_id="opencv-matrix">
  <rows>5</rows>
  <cols>1</cols>
  <dt>d</dt>
  <data>
    -7.0784173857105323e-02 4.9876972908939159e+00 0. 0.
    -1.1074585025476096e+00</data></distortion_coefficients>
<avg_reprojection_error>6.9535788533959531e-01</avg_reprojection_error>
<per_view_reprojection_errors type_id="opencv-matrix">
  <rows>25</rows>
  <cols>1</cols>
  <dt>f</dt>
  <data>
    5.76202929e-01 5.77577651e-01 5.76813042e-01 5.75612485e-01
    5.77795744e-01 5.75228453e-01 5.76779366e-01 5.55964828e-01
    1.29112136e+00 6.80086970e-01 8.47140372e-01 6.04543447e-01
    6.08311951e-01 6.22078538e-01 6.64839566e-01 6.76727474e-01
    7.73621261e-01 9.14807081e-01 9.17371929e-01 9.03583646e-01
    7.32173026e-01 5.43741941e-01 3.85501683e-01 4.85624105e-01
    5.22214711e-01</data></per_view_reprojection_errors>
<extrinsic_parameters type_id="opencv-matrix">
  <rows>25</rows>
  <cols>6</cols>
  <dt>d</dt>
  <data>
    -2.3302076768166671e-02 -1.0993630870547113e+00
    -2.7872667904552531e+00 -1.0885801470278815e-02
    3.1148043646027145e-02 5.8611222962837972e-01
    -2.3313436978974440e-02 -1.0993559940860711e+00
    -2.7872717878465032e+00 -1.0887836508963042e-02
    3.1152918453927123e-02 5.8612092077948530e-01
    -2.3358716096997311e-02 -1.0993302666344023e+00
    -2.7872788997373856e+00 -1.0883905238920015e-02
    3.1154787227896139e-02 5.8611127772811278e-01
    -2.3296446509191132e-02 -1.0992743945646437e+00
    -2.7872822344268009e+00 -1.0886744806511021e-02
    3.1155670077725316e-02 5.8612518441282002e-01
    -2.3299489438051251e-02 -1.0993817940303745e+00
    -2.7872403103576935e+00 -1.0888200852691966e-02
    3.1152385349912309e-02 5.8612256762309023e-01
    -2.3360561040084979e-02 -1.0993523160439436e+00
    -2.7872505153170861e+00 -1.0891280557540291e-02
    3.1137991594239883e-02 5.8610861944800530e-01
    -2.3241225884631105e-02 -1.0993791934293522e+00
    -2.7872431774474244e+00 -1.0888806511623595e-02
    3.1140145771211474e-02 5.8611403618454183e-01 6.1665313830724072e-02
    -1.1373348104744596e+00 -2.9064885844424597e+00
    -2.5266300524182713e-03 2.7019056908580114e-02
    5.9103456580226377e-01 -2.2394601945408743e-01
    -4.0030597075520154e-02 -3.0178676606468957e+00
    7.1600036716433588e-03 2.9111395938508321e-02 5.4643375228929514e-01
    -1.6037167660873369e-01 1.2853171802549854e-01
    -3.0959606502753405e+00 4.6836669474841912e-04
    2.6341904817794741e-02 5.5689974039208989e-01
    -4.7361011290039279e-02 9.8140523914605496e-02
    -3.1219435459973184e+00 4.7578002630396738e-03
    1.9095286044979589e-02 5.6373855026434627e-01 1.8930919935287568e-01
    1.0759679406535352e-01 -3.1063888968238427e+00
    7.6486357014329084e-02 2.4929555515014867e-02 5.7005195768219274e-01
    1.9886091941359996e-01 9.7690818544568125e-02
    -3.0992258355290550e+00 7.6521121993196037e-02
    2.5401925126734077e-02 5.6990767784141871e-01
    -3.1369022285583492e-01 2.0040453500776967e-01
    3.0979643773192751e+00 3.5635686092187743e-02 4.6054583779212191e-02
    5.5639958598508499e-01 -3.3277268635736557e-01
    1.6775475658188960e-01 3.0961199106420207e+00 3.5535344790695166e-02
    4.5874756251892586e-02 5.5456383894652472e-01
    -3.3358432157021739e-01 1.6597349755193447e-01
    3.0988879269376914e+00 3.5405526052323298e-02 4.6145296246263824e-02
    5.5410990666058502e-01 -1.3211893652372519e-01
    1.3149353941422065e-01 -2.9460307216385053e+00
    3.8702760207854993e-02 3.9544331429909742e-02 5.5429543927268177e-01
    -2.7755037490017870e-01 4.6914058559180578e-02
    -3.0060698367742043e+00 3.8856411335094466e-02
    3.7148895884187398e-02 5.4758432628164144e-01
    -2.9856841001696410e-01 3.9738954291964390e-02
    -3.0017837898179525e+00 3.8863675938351910e-02
    3.7264310783695756e-02 5.4614402619517499e-01
    -2.7860143118985775e-01 5.2657931335269234e-02
    -3.0050366529167651e+00 3.8982832282182522e-02
    3.7277806350135327e-02 5.4747072091229110e-01 6.4572586292723250e-02
    2.0609111385246498e-01 -2.9705634340994935e+00
    4.9595712393783992e-02 3.9104806576290549e-02 5.5615759330475423e-01
    -7.4884187248255063e-01 -4.9853345549126397e-02
    4.2639611379129763e-02 -2.8135092707513434e-02
    -1.4421678386981381e-02 6.2752093681930121e-01
    1.3465589962086705e-01 1.8449288213560058e-01 4.7037446410342743e-02
    -7.1318390281103608e-02 -3.2736552811502367e-02
    5.6732826151304883e-01 8.5194091792403906e-02 1.6303168138522978e-01
    1.3989249687006930e-01 -6.5169282195700326e-02
    -3.4319187084194340e-02 5.7194153102811596e-01
    5.8012790906760828e-02 1.7242521441498798e-01 1.4429866806342148e-01
    -6.4623525516591118e-02 -3.4754177670063405e-02
    5.7238856521449899e-01</data></extrinsic_parameters>
