<?xml version="1.0"?>
<opencv_storage>
<calibration_time>"Tue 18 Apr 2017 10:04:19 AM PDT"</calibration_time>
<nr_of_frames>25</nr_of_frames>
<image_width>1040</image_width>
<image_height>776</image_height>
<board_width>9</board_width>
<board_height>6</board_height>
<square_size>9.3900002539157867e-03</square_size>
<fix_aspect_ratio>1.</fix_aspect_ratio>
<!-- flags: +fix_aspectRatio +fix_principal_point +zero_tangent_dist -->
<flags>6158</flags>
<fisheye_model>0</fisheye_model>
<camera_matrix type_id="opencv-matrix">
  <rows>3</rows>
  <cols>3</cols>
  <dt>d</dt>
  <data>
    2.1388046698815178e+03 0. 520. 0. 2.1388046698815178e+03 388. 0. 0.
    1.</data></camera_matrix>
<distortion_coefficients type_id="opencv-matrix">
  <rows>5</rows>
  <cols>1</cols>
  <dt>d</dt>
  <data>
    -1.4704517168940687e-01 1.1490328367706444e+00 0. 0.
    -9.2874368933468023e+00</data></distortion_coefficients>
<avg_reprojection_error>5.6058656003624041e-01</avg_reprojection_error>
<per_view_reprojection_errors type_id="opencv-matrix">
  <rows>25</rows>
  <cols>1</cols>
  <dt>f</dt>
  <data>
    5.06614566e-01 5.08522391e-01 5.08275986e-01 5.06420135e-01
    5.09382069e-01 5.06116748e-01 5.05775809e-01 5.00636458e-01
    5.90640962e-01 5.47172725e-01 5.23818374e-01 9.46692109e-01
    9.51687932e-01 5.15426338e-01 5.16984701e-01 5.05094349e-01
    4.90560412e-01 4.96860683e-01 5.44607162e-01 4.85828698e-01
    4.87342715e-01 4.81417090e-01 5.20470142e-01 5.08440733e-01
    5.22355735e-01</data></per_view_reprojection_errors>
<extrinsic_parameters type_id="opencv-matrix">
  <rows>25</rows>
  <cols>6</cols>
  <dt>d</dt>
  <data>
    -4.1598490840356145e-01 1.5748423657305204e-03
    4.2346964873208784e-02 -2.3907078376870276e-02
    -2.4307543584522733e-02 3.0913990419001902e-01
    -4.1589263361559631e-01 1.5911673884076670e-03
    4.2332466624141384e-02 -2.3905135740657061e-02
    -2.4312899161246109e-02 3.0913412834341714e-01
    -4.1587334563690403e-01 1.5845548404587889e-03
    4.2315763056062786e-02 -2.3906272554761104e-02
    -2.4315860865923432e-02 3.0913420977691058e-01
    -4.1585664103619963e-01 1.5871149420968436e-03
    4.2329238863654188e-02 -2.3900029084027594e-02
    -2.4313848882810643e-02 3.0913919900916520e-01
    -4.1588929253862478e-01 1.5856835059235065e-03
    4.2325242181102340e-02 -2.3906190272004382e-02
    -2.4314349482708705e-02 3.0913635983669541e-01
    -4.1589180122796432e-01 1.6299622486101609e-03
    4.2347562707067569e-02 -2.3902497010819566e-02
    -2.4314750720996866e-02 3.0913967941969089e-01
    -4.1592945902756706e-01 1.6200471366911177e-03
    4.2347634283961710e-02 -2.3901791956739242e-02
    -2.4315275189105423e-02 3.0913611478439990e-01
    -4.1381487996419519e-01 7.4566612486578927e-03
    4.1127627250695881e-02 -2.3945085989547810e-02
    -2.4133004232141472e-02 3.0947540068753043e-01
    -4.3766851337852647e-01 -3.6560113825531836e-02
    1.2115902250037598e-01 -4.3773895965485775e-02
    -2.9133058738997481e-02 3.0834005235045275e-01
    -4.3716270468570745e-01 -2.3460383533507753e-02
    1.7243374174407522e-01 -4.2696540892508447e-02
    -3.1853511300727756e-02 3.0971869281774755e-01
    -4.2680183650293829e-01 -5.5836209181496597e-03
    1.8034113065358007e-01 -4.2586730925146352e-02
    -3.1740176908494865e-02 3.1053165552442957e-01
    -4.2653783775188170e-01 -1.1084278294820624e-01
    -8.1890782716392635e-02 -5.3474421151752445e-02
    -8.5110026580706519e-03 2.9658687003266543e-01
    -4.2747928000510066e-01 -1.1147283860975767e-01
    -8.1791140373612986e-02 -5.3476403472168747e-02
    -8.5160306145938228e-03 2.9660197066584398e-01
    -4.2860588676928929e-01 1.3484796072106450e-02
    2.1125736918716762e-01 -4.6705204416601850e-02
    -5.1046069462241647e-02 3.1981697565254646e-01
    -4.3822806028480676e-01 3.5129424222513000e-02
    2.0861420857115309e-01 -4.3183364704013523e-02
    -5.0443146181678222e-02 3.2043434454450231e-01
    -4.2839989174968496e-01 3.3207265331277512e-02
    2.0282759711018716e-01 -4.2774135560855173e-02
    -5.0192336542628939e-02 3.2035724594405185e-01
    -4.1896843956350249e-01 -8.4200701409440568e-03
    5.7764592817334419e-02 -1.0589205231614213e-02
    -1.3509832882854586e-02 3.0402541075627071e-01
    -4.2011870479968250e-01 -9.9992301877622671e-03
    5.3817278006058566e-02 -1.2184914048120310e-02
    -1.4325495712781236e-02 3.0444502048459632e-01
    -4.1778378521348397e-01 -2.3461476190910088e-02
    2.9267125691101264e-02 -1.1765646900291488e-02
    -1.1097478668579082e-02 3.0226081098364965e-01
    -4.1210519402430901e-01 -9.5767614920550005e-03
    4.8746357068744757e-02 -7.4687349087606643e-03
    -4.1506177434474587e-03 2.9959960624047338e-01
    -4.1209789782290612e-01 -9.5015936539106175e-03
    4.8755112199707629e-02 -7.4739720255263169e-03
    -4.1540580029557142e-03 2.9960178812417321e-01
    -4.1138198449323155e-01 -7.0211616033789889e-03
    5.6779648442582674e-02 -9.3207066162806027e-03
    -4.7323984122765658e-03 3.0008605612900324e-01
    -4.2297751476118944e-01 -2.4058803683017549e-02
    3.7719961657196009e-02 -9.8517470242579629e-03
    -3.8162202295963746e-02 3.1573843413665015e-01
    -4.2698088766583608e-01 -1.1697961769667906e-02
    3.2680646614589380e-02 -1.0023651873185142e-02
    -3.8057612759011233e-02 3.1594053697004848e-01
    -4.2140664838302722e-01 -2.1508279529030287e-02
    4.4547478498319359e-02 -9.8533447766388383e-03
    -3.9882140172631933e-02 3.1673130413962824e-01</data></extrinsic_parameters>
