<?xml version="1.0"?>
<opencv_storage>
<calibration_time>"Fri 17 Mar 2017 02:32:29 PM PDT"</calibration_time>
<nr_of_frames>25</nr_of_frames>
<image_width>960</image_width>
<image_height>540</image_height>
<board_width>9</board_width>
<board_height>6</board_height>
<square_size>9.3900002539157867e-03</square_size>
<fix_aspect_ratio>1.</fix_aspect_ratio>
<!-- flags: +fix_aspectRatio +fix_principal_point +zero_tangent_dist -->
<flags>6158</flags>
<fisheye_model>0</fisheye_model>
<camera_matrix type_id="opencv-matrix">
  <rows>3</rows>
  <cols>3</cols>
  <dt>d</dt>
  <data>
    2.4635598105132594e+03 0. 480. 0. 2.4635598105132594e+03 270. 0. 0.
    1.</data></camera_matrix>
<distortion_coefficients type_id="opencv-matrix">
  <rows>5</rows>
  <cols>1</cols>
  <dt>d</dt>
  <data>
    -3.1734330566425778e-01 1.1777045985118290e+01 0. 0.
    3.9163577830911278e-01</data></distortion_coefficients>
<avg_reprojection_error>8.4246615152466087e-01</avg_reprojection_error>
<per_view_reprojection_errors type_id="opencv-matrix">
  <rows>25</rows>
  <cols>1</cols>
  <dt>f</dt>
  <data>
    4.53966856e-01 4.51350212e-01 4.56468374e-01 4.55168039e-01
    4.55907941e-01 4.53980893e-01 4.55849171e-01 4.55074221e-01
    1.12476027e+00 1.12874162e+00 1.29562497e+00 5.58634222e-01
    2.93092418e+00 4.31247890e-01 6.60301745e-01 4.83056068e-01
    4.87251252e-01 4.85238612e-01 4.84086692e-01 4.83316451e-01
    4.84053373e-01 4.84445542e-01 4.83462244e-01 4.85893071e-01
    4.84173894e-01</data></per_view_reprojection_errors>
<extrinsic_parameters type_id="opencv-matrix">
  <rows>25</rows>
  <cols>6</cols>
  <dt>d</dt>
  <data>
    -2.7453437668387551e-02 -1.1503427160731998e+00
    -2.9093873633306062e+00 6.3108944503480410e-02
    2.1307231339519422e-02 5.5551556136198310e-01
    -2.7503906496554757e-02 -1.1502769373578823e+00
    -2.9094024123218478e+00 6.3116420953349961e-02
    2.1307553701609288e-02 5.5553487489696451e-01
    -2.7479812897940603e-02 -1.1503382981306804e+00
    -2.9094013402246901e+00 6.3115502142629940e-02
    2.1302727276385724e-02 5.5552760458225892e-01
    -2.7595634095320874e-02 -1.1503228891719068e+00
    -2.9093955538219478e+00 6.3114118201358746e-02
    2.1300962288080202e-02 5.5552012421649044e-01
    -2.7509340980981175e-02 -1.1502673026152046e+00
    -2.9094690587914638e+00 6.3115799210341023e-02
    2.1300260823090486e-02 5.5553633795149393e-01
    -2.7415904646297486e-02 -1.1503426315332723e+00
    -2.9094270974701364e+00 6.3115723661015546e-02
    2.1297867796961339e-02 5.5552209543122910e-01
    -2.7533522970946214e-02 -1.1503118910394206e+00
    -2.9094335452531670e+00 6.3116471667104546e-02
    2.1298151688719555e-02 5.5553374248000276e-01
    -2.7544138565346998e-02 -1.1502591273715090e+00
    -2.9094486260778498e+00 6.3115910207532128e-02
    2.1295761942297278e-02 5.5553276921361661e-01
    -2.2457863815075907e-01 3.2216581945084433e-03
    -2.9914890429630963e+00 5.1233599219996782e-02
    6.1855042887777496e-03 5.1306197942600307e-01 2.4518443422193459e-01
    8.7392382868350715e-02 -3.0210557195251737e+00
    5.2975053097452901e-02 5.1705251085654566e-03 5.0650276420781193e-01
    -3.5426915863219821e-01 2.7061487334422863e-02
    -3.0385310651283182e+00 4.2910104503304604e-02
    5.2412671192323627e-03 4.9282371648101564e-01
    -4.1932317827420884e-01 -9.7497420316058347e-02
    -3.0043374670745941e+00 -2.3430384300730467e-02
    1.3526849388789251e-02 4.9741464519281159e-01
    -2.9834409909356951e-01 1.2147844510005167e-01
    -3.0492303059075407e+00 2.2958348802725473e-02
    1.9982258337165968e-02 5.0253327707334794e-01 2.5974572726150419e-01
    -9.3413305750929065e-01 -2.7424346486505322e+00
    3.0181770520441707e-02 -3.2717485851707722e-03
    5.5520909701587096e-01 9.5490610055489825e-02
    -1.0607551213246198e+00 -2.8227841513425838e+00
    5.3360442006025868e-02 1.5573016545355442e-02 5.2424042970778273e-01
    -1.4925028614414643e-01 -1.0881050029885793e+00
    -2.7549525370671395e+00 5.6322991356075325e-03
    3.1715607281901766e-02 5.4296783004473670e-01
    -1.4755492632307868e-01 -1.0896111332265823e+00
    -2.7549484298178544e+00 5.4658017929267461e-03
    3.2252591431363012e-02 5.4305962077398506e-01
    -1.4758401131261473e-01 -1.0893679833162750e+00
    -2.7549956681640442e+00 5.4961076882058318e-03
    3.2180215266535216e-02 5.4308472994937296e-01
    -1.4752300106252356e-01 -1.0894685211985300e+00
    -2.7549346242153909e+00 5.4981162872488141e-03
    3.2182606325654797e-02 5.4308130342918259e-01
    -1.4751546287397968e-01 -1.0894143622293397e+00
    -2.7549160363358465e+00 5.5042924308488332e-03
    3.2192659205346807e-02 5.4309175713727142e-01
    -1.4760872364658911e-01 -1.0894383359819115e+00
    -2.7549054931614494e+00 5.5081947405520061e-03
    3.2195437862606972e-02 5.4309122729841286e-01
    -1.4761345113320726e-01 -1.0894843592448469e+00
    -2.7548737867992941e+00 5.5028485558704168e-03
    3.2201133700184841e-02 5.4307112276136227e-01
    -1.4748164984976744e-01 -1.0894541675133347e+00
    -2.7549146101925341e+00 5.5078799082419975e-03
    3.2209554211535187e-02 5.4309888230909009e-01
    -1.4763996024368400e-01 -1.0894515222631567e+00
    -2.7548688942079034e+00 5.5052608468068396e-03
    3.2223322682116660e-02 5.4309008717483187e-01
    -1.4754549202162873e-01 -1.0895380074900041e+00
    -2.7548562417757232e+00 5.5062681787971949e-03
    3.2225247232167333e-02 5.4309437727515020e-01</data></extrinsic_parameters>
