<?xml version="1.0"?>
<opencv_storage>
<calibration_time>"Tue 18 Apr 2017 10:05:45 AM PDT"</calibration_time>
<nr_of_frames>25</nr_of_frames>
<image_width>1040</image_width>
<image_height>776</image_height>
<board_width>9</board_width>
<board_height>6</board_height>
<square_size>9.3900002539157867e-03</square_size>
<fix_aspect_ratio>1.</fix_aspect_ratio>
<!-- flags: +fix_aspectRatio +fix_principal_point +zero_tangent_dist -->
<flags>6158</flags>
<fisheye_model>0</fisheye_model>
<camera_matrix type_id="opencv-matrix">
  <rows>3</rows>
  <cols>3</cols>
  <dt>d</dt>
  <data>
    2.1063570556334384e+03 0. 520. 0. 2.1063570556334384e+03 388. 0. 0.
    1.</data></camera_matrix>
<distortion_coefficients type_id="opencv-matrix">
  <rows>5</rows>
  <cols>1</cols>
  <dt>d</dt>
  <data>
    -1.7591612886495847e-01 1.1548837005922672e+00 0. 0.
    -6.5125509507788486e+00</data></distortion_coefficients>
<avg_reprojection_error>5.2716827075492823e-01</avg_reprojection_error>
<per_view_reprojection_errors type_id="opencv-matrix">
  <rows>25</rows>
  <cols>1</cols>
  <dt>f</dt>
  <data>
    4.98853415e-01 5.00211060e-01 4.97180700e-01 4.98553008e-01
    4.99059647e-01 5.00667036e-01 4.98917609e-01 4.80179697e-01
    4.86194730e-01 6.51962817e-01 5.06037951e-01 4.98535156e-01
    5.99415183e-01 5.01459897e-01 5.03268957e-01 5.41199684e-01
    5.12224853e-01 5.49946129e-01 5.47001064e-01 5.50173223e-01
    5.35556257e-01 5.34897387e-01 6.36752188e-01 4.99690056e-01
    5.05812109e-01</data></per_view_reprojection_errors>
<extrinsic_parameters type_id="opencv-matrix">
  <rows>25</rows>
  <cols>6</cols>
  <dt>d</dt>
  <data>
    -4.2517545984199984e-01 2.9309891670637273e-02
    5.9430102077499818e-02 -4.2016219416908217e-02
    -2.1990270467214561e-02 3.0448679561563424e-01
    -4.2518947868588747e-01 2.9311868451834311e-02
    5.9426808971888234e-02 -4.2015547517763291e-02
    -2.1986379314943086e-02 3.0448388159993556e-01
    -4.2522415537904379e-01 2.9337116711760858e-02
    5.9414417643928234e-02 -4.2015962844907315e-02
    -2.1985760597240823e-02 3.0448481350542167e-01
    -4.2509432860289131e-01 2.9336308877243932e-02
    5.9419277395735125e-02 -4.2017697722076107e-02
    -2.1989416513549957e-02 3.0448290241264570e-01
    -4.2527255197437158e-01 2.9223147531472073e-02
    5.9402189499815322e-02 -4.2019172135723988e-02
    -2.1988614295004705e-02 3.0448018502117524e-01
    -4.3228166470623047e-01 3.9190119854914038e-02
    9.3553271211024761e-02 -5.6882709182957944e-02
    -1.9880667823183418e-02 3.0399214547144532e-01
    -4.2743606719646421e-01 3.0838001029452802e-02
    9.5606729951088210e-02 -5.6781524715196971e-02
    -2.0203212155740481e-02 3.0323357227847347e-01
    -4.1728420673040967e-01 3.8153306736813823e-02
    3.3392852957634334e-02 -5.4112944445694103e-02
    -7.0901537474933130e-03 2.9786743255972281e-01
    -4.1692768235952099e-01 3.7570375254474604e-02
    3.3566696522050889e-02 -5.4060411302317112e-02
    -7.0441739451973127e-03 2.9788276343302517e-01
    -4.4157185763861440e-01 4.0647078934988506e-02
    2.6726003018176646e-02 -1.1890564103413844e-02
    -6.6175428701785097e-03 2.9729845410211381e-01
    -4.0777231044426143e-01 7.4583244871654103e-02
    4.6197611541560477e-02 -1.6689338425118432e-02
    -8.2272739899537685e-03 2.9879539794323134e-01
    -4.1128868323131024e-01 6.9970373853424611e-02
    4.6615287889626565e-02 -1.6659946705540621e-02
    -8.0461104910386563e-03 2.9902810821936993e-01
    -4.5073353001221866e-01 6.7420462677583573e-02
    4.7016712274482536e-02 -1.4642561846595783e-02
    -3.7581289731531735e-02 3.1358814182378353e-01
    -4.1416381300516397e-01 7.4300886845040257e-02
    3.2957025256900502e-02 -9.3809777306219921e-03
    -4.7602178020210571e-02 3.1725216713093907e-01
    -4.1406390299453710e-01 7.4821307965466238e-02
    3.2751239277220769e-02 -9.3949848479954121e-03
    -4.7618303089534089e-02 3.1733146279198676e-01
    -4.2572736077235424e-01 6.7239740460057637e-02
    3.6445961346163201e-02 -4.0731558123018846e-02
    -5.0552217430495004e-02 3.1931530034848604e-01
    -3.9986374553992737e-01 5.5305814003045642e-02
    3.5375093375126704e-02 -3.9213400342541588e-02
    -5.0523814807731653e-02 3.1911523280738929e-01
    -4.1409992438874299e-01 6.0927307531116810e-02
    2.9637980391005004e-02 -4.6115592333523671e-02
    -5.0170484365586368e-02 3.1905005982548484e-01
    -4.1423313442264026e-01 9.9068464465219865e-03
    3.0099828409427365e-03 -6.8434604688138709e-02
    -4.6274247741283539e-02 3.1618181115045396e-01
    -4.1556840896742714e-01 1.2678288192542263e-02
    2.5230760907557206e-03 -6.8533542364446337e-02
    -4.6353196147479701e-02 3.1651304529211960e-01
    -4.2515965217354146e-01 1.0287930889080438e-02
    -1.0220739898743724e-03 -6.3407515322476807e-02
    -2.9227281058408688e-02 3.0839733577927808e-01
    -4.2930157260489188e-01 1.4817296231441721e-02
    -6.2120954088088088e-03 -6.3762389123725116e-02
    -2.8294068967788601e-02 3.0877153247654515e-01
    -4.3956785052862263e-01 1.4088995214612739e-02
    1.4682857342041587e-02 -5.0789306067415510e-02
    -2.0729500224549016e-02 3.0424721307288971e-01
    -4.2478938925553406e-01 6.1579893802827856e-02
    2.7815365709453879e-02 -4.6171847688796917e-02
    -1.5300941858913382e-02 3.0325168475667763e-01
    -4.1398168255053691e-01 5.5966088542411814e-02
    1.3817508349540831e-02 -4.1628955683762785e-02
    -9.4276389430231079e-03 2.9982864544143806e-01</data></extrinsic_parameters>
