<?xml version="1.0"?>
<opencv_storage>
<calibration_time>"Sun 19 Mar 2017 05:58:35 PM PDT"</calibration_time>
<nr_of_frames>25</nr_of_frames>
<image_width>1040</image_width>
<image_height>776</image_height>
<board_width>9</board_width>
<board_height>6</board_height>
<square_size>9.3900002539157867e-03</square_size>
<fix_aspect_ratio>1.</fix_aspect_ratio>
<!-- flags: +fix_aspectRatio +fix_principal_point +zero_tangent_dist -->
<flags>6158</flags>
<fisheye_model>0</fisheye_model>
<camera_matrix type_id="opencv-matrix">
  <rows>3</rows>
  <cols>3</cols>
  <dt>d</dt>
  <data>
    3.6215351986809837e+03 0. 520. 0. 3.6215351986809837e+03 388. 0. 0.
    1.</data></camera_matrix>
<distortion_coefficients type_id="opencv-matrix">
  <rows>5</rows>
  <cols>1</cols>
  <dt>d</dt>
  <data>
    -1.5412025355859547e+00 6.4626808354201785e+01 0. 0.
    5.5945673413496353e+00</data></distortion_coefficients>
<avg_reprojection_error>5.3463191252413655e-01</avg_reprojection_error>
<per_view_reprojection_errors type_id="opencv-matrix">
  <rows>25</rows>
  <cols>1</cols>
  <dt>f</dt>
  <data>
    4.98485804e-01 4.99642968e-01 4.96249318e-01 4.97311324e-01
    4.97402281e-01 4.99435395e-01 4.95950788e-01 4.94811863e-01
    4.94928390e-01 4.98474926e-01 3.86997968e-01 6.21805251e-01
    5.42128682e-01 5.94796538e-01 5.67574322e-01 2.99528450e-01
    3.25163960e-01 9.16596293e-01 6.05751574e-01 5.64623594e-01
    7.67609596e-01 4.80884373e-01 4.75928783e-01 4.37179804e-01
    4.55312490e-01</data></per_view_reprojection_errors>
<extrinsic_parameters type_id="opencv-matrix">
  <rows>25</rows>
  <cols>6</cols>
  <dt>d</dt>
  <data>
    -3.9639127726481155e-01 2.6480642207640737e-01
    1.2533363024386630e+00 3.2548680266363442e-02
    -5.6094668496150912e-02 7.7560565769373768e-01
    -3.9621393814314398e-01 2.6494319476917066e-01
    1.2532869217466691e+00 3.2545824210283819e-02
    -5.6093358483794119e-02 7.7560556719556828e-01
    -3.9642525422965008e-01 2.6475772510740936e-01
    1.2533247595271473e+00 3.2549090119827213e-02
    -5.6091013668618947e-02 7.7559753268125742e-01
    -3.9635571604413739e-01 2.6484871940847848e-01
    1.2533556514972650e+00 3.2550866048250873e-02
    -5.6089872553720936e-02 7.7559459261093555e-01
    -3.9640356455276887e-01 2.6467188377347789e-01
    1.2533636470279392e+00 3.2548925783768404e-02
    -5.6085890560238973e-02 7.7558067479425175e-01
    -3.9614976829025794e-01 2.6469801076683053e-01
    1.2533621205311134e+00 3.2552700854695610e-02
    -5.6092521642311079e-02 7.7554841321439727e-01
    -3.9595473120004260e-01 2.6479421074882287e-01
    1.2533212802079334e+00 3.2553763900918097e-02
    -5.6093623556313983e-02 7.7552729967926637e-01
    -3.9576771013844475e-01 2.6474273435770845e-01
    1.2533204594804066e+00 3.2555566099128345e-02
    -5.6096004880225279e-02 7.7550855421402831e-01
    -3.9564429400352780e-01 2.6452281448980081e-01
    1.2533036997262890e+00 3.2553964831414123e-02
    -5.6101265211582083e-02 7.7549537999066864e-01
    -3.9556998771145069e-01 2.6468258977562531e-01
    1.2532329959217472e+00 3.2546834542051102e-02
    -5.6101466434797999e-02 7.7546133427679420e-01
    -8.5909625397138686e-02 2.7357417653595401e-01
    2.4160291071718709e-01 -2.8130446416824426e-02
    -7.4551799488174003e-02 7.2642629996694819e-01
    2.5556672196922106e-02 2.2634569582282055e-01 9.0994593788740041e-03
    -4.1756694342338273e-02 -5.9304337941675257e-02
    7.1625444022225593e-01 1.2276317535991808e-02 2.1333064127374934e-01
    -2.3245910486592265e-02 -4.1585079358492941e-02
    -5.9520194553242319e-02 7.2777761499069404e-01
    3.3688062235140766e-02 1.8567366426423224e-01
    -6.9210107927788991e-02 -7.4752807139004424e-02
    -5.6652254582034149e-02 7.3431014567865061e-01
    2.7752648658165239e-02 1.9457034792097744e-01
    -3.9093819246165271e-02 -7.7786451197845566e-02
    -6.2255492608281705e-02 7.3184571011125921e-01
    -1.2308771086889428e-02 2.5210926781134430e-01
    9.4768144275044777e-02 -1.0614483163063291e-02
    -4.4739346375653771e-02 7.3270775345997707e-01
    -3.4042789942451973e-01 -2.8998366588865665e-01
    -1.0842593920969705e+00 -3.8837816282997907e-02
    9.6630802539549501e-03 7.4088074487706179e-01 1.7751783381431116e-02
    2.4050531883965334e-01 2.7740314792535515e-02
    -2.6529500833119342e-02 -4.4949656079792656e-02
    6.7302701314484570e-01 -2.1231834480122641e-02
    2.1916846522111749e-01 1.6864986044270676e-02
    -3.8640798468440110e-02 -3.4720731318097324e-02
    6.8064973733976963e-01 -2.0794268503198668e-02
    2.1155203633533254e-01 2.5592433460405382e-02
    -3.8427340333483245e-02 -3.9409433707188135e-02
    6.8024566190814084e-01 -4.5971374027512536e-03
    2.2752343359589300e-01 3.6338637275245542e-02
    -4.1290294484713393e-02 -4.2949224541573676e-02
    6.7567121080283532e-01 1.1496117678875445e-01 2.8905094912348617e-01
    -3.6626254650491091e-01 -5.8393686202078292e-02
    -3.0942564039241477e-02 6.6214502357293625e-01
    1.6350897511396210e-02 2.5200042248711257e-01
    -5.8128930220383668e-01 -5.2028888529785024e-02
    -1.0035060485910447e-02 6.7888734323086664e-01
    2.1802621962016294e-02 2.4202576295962558e-01
    -5.6127008158274339e-01 -4.8129368463674077e-02
    -1.1988790087117659e-02 6.7859426668219036e-01
    2.7585363886643635e-02 2.3552428794468291e-01
    -5.5564711625053864e-01 -4.8908783634154317e-02
    -1.3253536378651743e-02 6.7612323712538802e-01</data></extrinsic_parameters>
