<?xml version="1.0"?>
<opencv_storage>
<calibration_time>"Sun 19 Mar 2017 05:53:11 PM PDT"</calibration_time>
<nr_of_frames>25</nr_of_frames>
<image_width>1040</image_width>
<image_height>776</image_height>
<board_width>9</board_width>
<board_height>6</board_height>
<square_size>9.3900002539157867e-03</square_size>
<fix_aspect_ratio>1.</fix_aspect_ratio>
<!-- flags: +fix_aspectRatio +fix_principal_point +zero_tangent_dist -->
<flags>6158</flags>
<fisheye_model>0</fisheye_model>
<camera_matrix type_id="opencv-matrix">
  <rows>3</rows>
  <cols>3</cols>
  <dt>d</dt>
  <data>
    2.3661242336755631e+03 0. 520. 0. 2.3661242336755631e+03 388. 0. 0.
    1.</data></camera_matrix>
<distortion_coefficients type_id="opencv-matrix">
  <rows>5</rows>
  <cols>1</cols>
  <dt>d</dt>
  <data>
    -1.5190563756542697e-01 -7.8903421811767034e+00 0. 0.
    1.8957876880466111e+02</data></distortion_coefficients>
<avg_reprojection_error>5.3957819220938497e-01</avg_reprojection_error>
<per_view_reprojection_errors type_id="opencv-matrix">
  <rows>25</rows>
  <cols>1</cols>
  <dt>f</dt>
  <data>
    4.76610839e-01 4.78874087e-01 4.80743527e-01 4.75812316e-01
    4.77046758e-01 4.77967054e-01 4.75784063e-01 5.15903056e-01
    4.50505555e-01 4.44249183e-01 5.67610919e-01 7.05013812e-01
    4.23585176e-01 4.24861223e-01 4.25534040e-01 4.25196379e-01
    4.24000591e-01 4.24291044e-01 4.54973578e-01 4.27732915e-01
    6.51369035e-01 7.02064335e-01 1.12309742e+00 5.37213445e-01
    5.07792592e-01</data></per_view_reprojection_errors>
<extrinsic_parameters type_id="opencv-matrix">
  <rows>25</rows>
  <cols>6</cols>
  <dt>d</dt>
  <data>
    -2.6275922561082493e-01 -1.1235089726554612e-01
    -5.7148982121009946e-02 -6.7262386945611541e-02
    -3.6953523580124411e-03 4.8331226581805209e-01
    -2.6284075294693010e-01 -1.1257518163623148e-01
    -5.7155085844799135e-02 -6.7260434065814112e-02
    -3.6950575415570187e-03 4.8330520110326330e-01
    -2.6289781576569693e-01 -1.1262401184096557e-01
    -5.7142017028214045e-02 -6.7263192045926429e-02
    -3.6941557956535033e-03 4.8332596873256989e-01
    -2.6292528963184064e-01 -1.1240896867154146e-01
    -5.7155994372977116e-02 -6.7263230969024312e-02
    -3.6958773827286198e-03 4.8333909033559691e-01
    -2.6299495867521938e-01 -1.1249781527364165e-01
    -5.7163309056944847e-02 -6.7261095064789375e-02
    -3.6970765008444996e-03 4.8333072808048472e-01
    -2.6333162397917848e-01 -1.1258352162678091e-01
    -5.7159365210646976e-02 -6.7265254338112632e-02
    -3.6986026387501917e-03 4.8334252740901545e-01
    -2.6363469123639555e-01 -1.1300500126190564e-01
    -5.6982053435272233e-02 -6.7268224333940294e-02
    -3.7268192526730992e-03 4.8332470496490498e-01
    -3.1500812910060005e-01 -1.4639376277994437e-01
    -9.7797779004822810e-02 -6.7349270013972715e-02
    -5.3858191432810017e-03 4.8650082323233018e-01
    -3.5463626484749772e-01 1.5685793337921103e-01
    1.0586726339849821e+00 9.0114159866796564e-03
    -5.5138752740304879e-02 5.0565488875508524e-01
    -3.5931600544310827e-01 1.4929846145279779e-01
    1.0669079607753669e+00 9.0679122053496444e-03
    -5.4913226359573145e-02 5.0587449709679499e-01
    2.3427392457824436e-02 1.4205837395027507e-01 1.4585003360052623e-01
    -9.6396835346514553e-02 -2.8599100623695525e-02
    4.7192364532684966e-01 -1.4019616105064267e-01
    1.9590801097352617e-01 1.1245120509744085e-01
    -4.1659471911770919e-02 -5.0118340804703194e-03
    4.7116085325833024e-01 -3.5066302370878927e-01
    -1.7263902302882277e-03 1.0640767552206989e-01
    -4.2589656447041206e-02 6.8139273933368895e-04
    4.8779865931140581e-01 -3.5081245670906536e-01
    -1.9259532890508512e-03 1.0639842816104240e-01
    -4.2592579838945988e-02 6.8649703773769513e-04
    4.8780215445039432e-01 -3.5070173257376314e-01
    -1.8211372462349803e-03 1.0644428494440661e-01
    -4.2591943493042059e-02 6.7161622439277670e-04
    4.8780037120721265e-01 -3.5055686137173958e-01
    -1.8118811853906880e-03 1.0641328727977768e-01
    -4.2596847364514190e-02 6.6576029000065223e-04
    4.8779760895131868e-01 -3.5071764839495362e-01
    -1.7520735607476981e-03 1.0641272862188181e-01
    -4.2597046652364932e-02 6.6594889157232516e-04
    4.8779753842233831e-01 -3.5073737800390703e-01
    -2.1020258291771662e-03 1.0639893940619440e-01
    -4.2604493518532134e-02 6.6335829532814666e-04
    4.8778863909131159e-01 -1.8034629365117893e-01
    -8.4854923471477231e-02 2.9762955936453398e-02
    -4.6371204474298801e-02 -5.4728142674261016e-02
    5.0456477713725734e-01 -2.1515455969031735e-01
    -8.8423293441237005e-02 4.2845048603313118e-02
    -4.4920736703424440e-02 -5.5445347899546207e-02
    5.0622326420701202e-01 -2.0502156772517219e-01
    -2.6510982561699536e-01 -9.0080201186692932e-01
    -4.9053224655679843e-02 -8.5635765046618573e-03
    4.8063843993867866e-01 -2.0572193675860340e-01
    -2.6873410288062677e-01 -9.7890266831288242e-01
    -5.2374584952857295e-02 -1.4188808686355339e-03
    4.7654435426626007e-01 -1.1795743851163683e-01
    -1.7524394155407774e-01 -4.1134701567175569e-01
    -5.9623597254586276e-02 -3.8360995665132576e-02
    4.8318866456233850e-01 -4.4368838197017230e-01
    3.3326150320234699e-01 1.5417689110526853e+00 5.4720414512942003e-02
    -5.0328121061048399e-02 5.0491834388975942e-01
    -2.0970786170923389e-01 -1.1282611991192788e-01
    -3.5634628372559346e-02 -6.5308063826446633e-02
    -1.6403289590195713e-02 4.9043427986643867e-01</data></extrinsic_parameters>
