<?xml version="1.0"?>
<opencv_storage>
<calibration_time>"Thu 02 Mar 2017 03:22:16 PM PST"</calibration_time>
<nr_of_frames>25</nr_of_frames>
<image_width>2080</image_width>
<image_height>1552</image_height>
<board_width>9</board_width>
<board_height>6</board_height>
<square_size>9.3900002539157867e-03</square_size>
<fix_aspect_ratio>1.</fix_aspect_ratio>
<!-- flags: +fix_aspectRatio +fix_principal_point +zero_tangent_dist -->
<flags>6158</flags>
<fisheye_model>0</fisheye_model>
<camera_matrix type_id="opencv-matrix">
  <rows>3</rows>
  <cols>3</cols>
  <dt>d</dt>
  <data>
    5.3113301947478431e+03 0. 1.0395000000000000e+03 0.
    5.3113301947478431e+03 7.7550000000000000e+02 0. 0. 1.</data></camera_matrix>
<distortion_coefficients type_id="opencv-matrix">
  <rows>5</rows>
  <cols>1</cols>
  <dt>d</dt>
  <data>
    -1.5354329283341409e-01 8.8391449185375528e+00 0. 0.
    -5.6809828366090876e+01</data></distortion_coefficients>
<avg_reprojection_error>1.7219729399861816e+00</avg_reprojection_error>
<per_view_reprojection_errors type_id="opencv-matrix">
  <rows>25</rows>
  <cols>1</cols>
  <dt>f</dt>
  <data>
    1.54603910e+00 1.55028784e+00 1.55188310e+00 1.55266261e+00
    1.73957038e+00 2.08992100e+00 2.79924560e+00 2.03168511e+00
    2.21303487e+00 1.71315610e+00 1.88788438e+00 1.39421153e+00
    1.46978390e+00 2.11488533e+00 2.27716851e+00 1.59079885e+00
    1.68925893e+00 1.35612702e+00 1.03198600e+00 1.26126778e+00
    1.41652298e+00 1.42002809e+00 1.41678882e+00 1.43087173e+00
    1.42967546e+00</data></per_view_reprojection_errors>
<extrinsic_parameters type_id="opencv-matrix">
  <rows>25</rows>
  <cols>6</cols>
  <dt>d</dt>
  <data>
    -7.5460199649077775e-01 -5.4660393262539228e-02
    2.8877793925877106e-02 -4.1232459159249113e-02
    7.2132373675493459e-03 5.2410646567779962e-01
    -7.5464281893820728e-01 -5.4737058532871752e-02
    2.8888654502416178e-02 -4.1227286001037096e-02
    7.2189816046219820e-03 5.2411685304898181e-01
    -7.5458255336595748e-01 -5.4630229791999635e-02
    2.8887428022667510e-02 -4.1225412598911659e-02
    7.2237309011743316e-03 5.2411444556396214e-01
    -7.5458355154179202e-01 -5.4656155309608032e-02
    2.8885298281587896e-02 -4.1226717802835704e-02
    7.2202868724652331e-03 5.2411632486669191e-01
    -8.3344658514752501e-01 -7.2004895502539301e-02
    1.3006992917489146e-02 -4.0596576472099473e-02
    8.7984768737559317e-03 5.2043149961263602e-01
    -3.5839352897210464e-02 -1.9401427236613469e-01
    3.3106252714248399e-02 -3.4770267470575884e-02
    -3.2264664352902657e-02 5.0032260215585322e-01
    2.6177598954806352e-02 1.4117890289765858e-01
    -5.8702703506513260e-04 -7.1215151103159680e-02
    -4.0768843585385954e-02 5.1272975810488930e-01
    -2.6459616484549020e-01 -1.1236921543473398e-01
    -4.4038493090343633e-02 -7.5808651191834733e-02
    8.7334294409330965e-03 4.9040525114745614e-01 9.5900309438184228e-02
    -1.9922290285995856e-01 -5.6434614456466935e-02
    -3.5680928563630046e-02 -6.1526225074682694e-02
    4.8538805028647747e-01 8.3607791108251700e-02
    -2.3487905190730604e-01 1.9924136253857330e-02
    -2.6053247027948159e-02 -5.9902026447818862e-02
    4.9427121258864143e-01 1.9870897375527014e-01
    -3.3502471578206017e-01 1.0769346971205853e+00
    1.2168476366842323e-02 -6.1986587405908511e-02
    4.3659129614098480e-01 4.1484253118107073e-01
    -4.7398985076245409e-01 1.5943311108290918e+00
    5.1976044446098636e-02 -4.3331772842653916e-02
    4.4480004871533191e-01 2.8345115620823893e-02 1.4141458662607581e-01
    2.8318765234050077e-02 -9.1919093970474847e-02
    -4.0547051687570883e-02 5.0668968515057333e-01
    7.3415339104567517e-02 -2.0924792683105689e-01
    1.1946869082259535e-02 -3.3908148065536173e-02
    -4.9758445271059361e-02 5.0567078713965430e-01
    6.8772660664886798e-02 -2.0738708066395789e-01
    1.6660870188783348e-02 -3.5601911813724227e-02
    -4.9596163398857668e-02 5.0560763830642530e-01
    -1.3863904015611975e-01 -8.9579161648981789e-02
    5.0214118647023180e-02 -3.5296581763816628e-02
    -2.4022790326778985e-02 5.0626662553281510e-01
    -2.1878132899307834e-01 -7.5834546724329252e-02
    4.4056329075408476e-02 -3.9404800726742704e-02
    -1.2409383471022216e-02 4.9544527293974833e-01
    -4.3750419058886786e-01 -4.1586921018336456e-02
    6.7474144878863149e-02 -4.3151244335733668e-02
    5.5674394895909446e-03 4.9754143322719391e-01 2.5506671447777129e-01
    -5.5687621676837280e-02 1.3262068430963569e-02
    -1.7725725731836766e-02 -6.4726075555014501e-02
    5.2627269742364957e-01 5.5598370472736927e-02 1.3030758359231520e-01
    2.9653739724765323e-02 -9.1520496491459657e-02
    -5.7524274566277296e-02 4.8264988620978216e-01
    -6.9146354748633732e-01 -5.3533617571275477e-02
    3.7394851881799106e-02 -4.1808002924349517e-02
    -8.1177141476509781e-03 5.3532760849806538e-01
    -6.9238292541995061e-01 -5.3435262915381053e-02
    3.7545215526348388e-02 -4.1805864783308340e-02
    -8.0879316472968216e-03 5.3538214809162710e-01
    -6.9252569636958672e-01 -5.3484462200721165e-02
    3.7549057350434782e-02 -4.1803198983676314e-02
    -8.0776998619121482e-03 5.3536326835208381e-01
    -6.9250915395561918e-01 -5.3454864609456934e-02
    3.7513093507601888e-02 -4.1802600030582483e-02
    -8.0761750900249386e-03 5.3539465745589887e-01
    -6.9249364439861127e-01 -5.3500925182161728e-02
    3.7493154347030225e-02 -4.1800688153842094e-02
    -8.0794175971379157e-03 5.3536919717406983e-01</data></extrinsic_parameters>
