<?xml version="1.0"?>
<opencv_storage>
<calibration_time>"gio 16 mar 2017 19:22:04 PDT"</calibration_time>
<nr_of_frames>25</nr_of_frames>
<image_width>1920</image_width>
<image_height>1080</image_height>
<board_width>9</board_width>
<board_height>6</board_height>
<square_size>9.3900002539157867e-03</square_size>
<fix_aspect_ratio>1.</fix_aspect_ratio>
<!-- flags: +fix_aspectRatio +fix_principal_point +zero_tangent_dist -->
<flags>6158</flags>
<fisheye_model>0</fisheye_model>
<camera_matrix type_id="opencv-matrix">
  <rows>3</rows>
  <cols>3</cols>
  <dt>d</dt>
  <data>
    4.6436090738850189e+03 0. 960. 0. 4.6436090738850189e+03 540. 0. 0.
    1.</data></camera_matrix>
<distortion_coefficients type_id="opencv-matrix">
  <rows>5</rows>
  <cols>1</cols>
  <dt>d</dt>
  <data>
    -7.1427998258543923e-01 3.4861535758812799e+01 0. 0.
    5.4939032048315806e-01</data></distortion_coefficients>
<avg_reprojection_error>9.6443865253173722e-01</avg_reprojection_error>
<per_view_reprojection_errors type_id="opencv-matrix">
  <rows>25</rows>
  <cols>1</cols>
  <dt>f</dt>
  <data>
    9.60339129e-01 9.58899140e-01 9.70886528e-01 9.71812665e-01
    9.66648221e-01 9.58813488e-01 9.65014100e-01 9.63456392e-01
    9.55792785e-01 9.67309713e-01 9.70001519e-01 9.62196231e-01
    9.59170103e-01 9.59032953e-01 9.65608835e-01 9.74578083e-01
    9.61910546e-01 9.76697206e-01 9.62667525e-01 9.57621396e-01
    9.71864581e-01 9.55867767e-01 9.66531515e-01 9.60847557e-01
    9.66973245e-01</data></per_view_reprojection_errors>
<extrinsic_parameters type_id="opencv-matrix">
  <rows>25</rows>
  <cols>6</cols>
  <dt>d</dt>
  <data>
    5.9857750682343419e-02 -1.0659440207060387e+00
    -2.9103061404156940e+00 2.9015923320901138e-02
    2.3346154710062659e-02 4.9286598620447619e-01 5.9737960796634751e-02
    -1.0659197154390774e+00 -2.9102904467153712e+00
    2.9013876917257160e-02 2.3350357435527699e-02 4.9290484555448572e-01
    5.9537875938363211e-02 -1.0659399011184645e+00
    -2.9103132675621315e+00 2.9014160326183418e-02
    2.3348313114693698e-02 4.9288055547520754e-01 5.9823245766770221e-02
    -1.0660763699142435e+00 -2.9102732467985883e+00
    2.9015429327216714e-02 2.3352402815104142e-02 4.9288122574904014e-01
    5.9682967480554558e-02 -1.0659087851663798e+00
    -2.9103253502057771e+00 2.9014508640525852e-02
    2.3355094184414792e-02 4.9290196866744673e-01 5.9607238339811845e-02
    -1.0659322687710762e+00 -2.9102807747927240e+00
    2.9014277233057415e-02 2.3356698321295197e-02 4.9287651638083013e-01
    6.0054451113807868e-02 -1.0659773130616341e+00
    -2.9103555280032052e+00 2.9017639101479389e-02
    2.3353060700033484e-02 4.9290974409840288e-01 5.9731779681434956e-02
    -1.0656826773419772e+00 -2.9103624411576403e+00
    2.9013206369471595e-02 2.3354557513283934e-02 4.9292477089066422e-01
    5.9683684002748920e-02 -1.0657780415133473e+00
    -2.9103603860622633e+00 2.9015603750978600e-02
    2.3351270551596876e-02 4.9291433909976934e-01 5.9718274731880891e-02
    -1.0659511459380715e+00 -2.9102987629669919e+00
    2.9015006645604281e-02 2.3344813925016090e-02 4.9287184968025416e-01
    5.9603348529255529e-02 -1.0657099842814972e+00
    -2.9103621755960836e+00 2.9012011042875149e-02
    2.3344499001720372e-02 4.9291230353018356e-01 5.9695224407367013e-02
    -1.0658438270756958e+00 -2.9103337297548166e+00
    2.9013204950655298e-02 2.3341733295716316e-02 4.9288163247060035e-01
    5.9663634216596845e-02 -1.0660773298473858e+00
    -2.9102028195038647e+00 2.9010724303825668e-02
    2.3343180594577247e-02 4.9290245696076762e-01 5.9787899028027877e-02
    -1.0658748376132428e+00 -2.9102973002049835e+00
    2.9013483897397000e-02 2.3347026541695171e-02 4.9290870647742063e-01
    5.9749359091196143e-02 -1.0661096425128698e+00
    -2.9102535538000143e+00 2.9016569674349835e-02
    2.3352816695905571e-02 4.9287658790035299e-01 5.9821708061654051e-02
    -1.0658847289587123e+00 -2.9103538924473211e+00
    2.9016504696389119e-02 2.3356572978639911e-02 4.9289155889878966e-01
    5.9609644144248637e-02 -1.0662620478149198e+00
    -2.9102135221044714e+00 2.9013814015382233e-02
    2.3352044989059916e-02 4.9285935616479210e-01 5.9616008950113958e-02
    -1.0659759437235643e+00 -2.9102977699839894e+00
    2.9013216891645363e-02 2.3357104236218479e-02 4.9292778735137638e-01
    5.9641220037328885e-02 -1.0659821584808646e+00
    -2.9102963113520377e+00 2.9013149590203475e-02
    2.3357121702239692e-02 4.9285540535453337e-01 5.9532662725841672e-02
    -1.0657709490864469e+00 -2.9103666509759623e+00
    2.9009740720214960e-02 2.3360127107513166e-02 4.9290071121998630e-01
    5.9750926804522465e-02 -1.0659796972093996e+00
    -2.9103044112882257e+00 2.9012327121823223e-02
    2.3353918308352446e-02 4.9289647274373855e-01 5.9493427734554294e-02
    -1.0661589140238232e+00 -2.9102718385819184e+00
    2.9011072735622975e-02 2.3345784592905282e-02 4.9287944304582532e-01
    5.9547446035723831e-02 -1.0659142244838069e+00
    -2.9103374742863242e+00 2.9010815228333094e-02
    2.3344532805264127e-02 4.9291977251360564e-01 5.9807871371358963e-02
    -1.0659573995354619e+00 -2.9103402417328899e+00
    2.9011854518326750e-02 2.3342943864772200e-02 4.9286459095620222e-01
    5.9778010269635820e-02 -1.0660872209274703e+00
    -2.9103476840529590e+00 2.9015367376127223e-02
    2.3341556890948485e-02 4.9291150377939585e-01</data></extrinsic_parameters>
