<?xml version="1.0"?>
<opencv_storage>
<calibration_time>"gio 02 mar 2017 16:00:17 PST"</calibration_time>
<nr_of_frames>25</nr_of_frames>
<image_width>2080</image_width>
<image_height>1552</image_height>
<board_width>9</board_width>
<board_height>6</board_height>
<square_size>9.3900002539157867e-03</square_size>
<fix_aspect_ratio>1.</fix_aspect_ratio>
<!-- flags: +fix_aspectRatio +fix_principal_point +zero_tangent_dist -->
<flags>6158</flags>
<fisheye_model>0</fisheye_model>
<camera_matrix type_id="opencv-matrix">
  <rows>3</rows>
  <cols>3</cols>
  <dt>d</dt>
  <data>
    4.6188803409871889e+03 0. 1.0395000000000000e+03 0.
    4.6188803409871889e+03 7.7550000000000000e+02 0. 0. 1.</data></camera_matrix>
<distortion_coefficients type_id="opencv-matrix">
  <rows>5</rows>
  <cols>1</cols>
  <dt>d</dt>
  <data>
    -6.9787186557342318e-01 1.2392804473730243e+01 0. 0.
    4.3791145050155098e+00</data></distortion_coefficients>
<avg_reprojection_error>1.1233083601558957e+00</avg_reprojection_error>
<per_view_reprojection_errors type_id="opencv-matrix">
  <rows>25</rows>
  <cols>1</cols>
  <dt>f</dt>
  <data>
    1.12050414e+00 1.12615502e+00 1.12189472e+00 1.12268400e+00
    1.12772822e+00 1.12592614e+00 1.12431431e+00 1.12642789e+00
    1.11923230e+00 1.12417567e+00 1.11585808e+00 1.12781632e+00
    1.12583804e+00 1.12460148e+00 1.11656487e+00 1.12332571e+00
    1.12446845e+00 1.12335706e+00 1.12457728e+00 1.12065125e+00
    1.12217855e+00 1.12487304e+00 1.11766291e+00 1.11946380e+00
    1.13227701e+00</data></per_view_reprojection_errors>
<extrinsic_parameters type_id="opencv-matrix">
  <rows>25</rows>
  <cols>6</cols>
  <dt>d</dt>
  <data>
    -6.8789439824643572e-01 -5.5358434387183852e-02
    1.1356166528766774e-02 -5.6404323200849468e-02
    -1.3904463200354865e-02 4.6487930942466821e-01
    -6.8806567034195176e-01 -5.5196722573554936e-02
    1.1248372518740626e-02 -5.6406059850253501e-02
    -1.3893769421951857e-02 4.6489950354473830e-01
    -6.8820754774756221e-01 -5.5114044800349302e-02
    1.1222354404764209e-02 -5.6407016326110941e-02
    -1.3887526816768560e-02 4.6490070565631952e-01
    -6.8820934170253323e-01 -5.5096547457788719e-02
    1.1181629177867696e-02 -5.6407810615846425e-02
    -1.3891331650666002e-02 4.6492550000465827e-01
    -6.8826740178832690e-01 -5.5130062940407371e-02
    1.1189760947955396e-02 -5.6402896306470218e-02
    -1.3887760277273883e-02 4.6491083062973970e-01
    -6.8827677049247427e-01 -5.5024185597018493e-02
    1.1195059385507066e-02 -5.6405819467587465e-02
    -1.3885364746000835e-02 4.6489823084585613e-01
    -6.8831425334264118e-01 -5.5040330945307178e-02
    1.1163323579268464e-02 -5.6406800297196816e-02
    -1.3885321733824150e-02 4.6490138620533700e-01
    -6.8829033505752402e-01 -5.5003120558046334e-02
    1.1172248964718594e-02 -5.6403339217735847e-02
    -1.3889685216150026e-02 4.6490936819680290e-01
    -6.8835924538890148e-01 -5.5001302322753395e-02
    1.1163021970494260e-02 -5.6409399999673829e-02
    -1.3893467933585967e-02 4.6490204773808758e-01
    -6.8834325864234536e-01 -5.5012259122476606e-02
    1.1177301549581964e-02 -5.6409190178512057e-02
    -1.3898290888075124e-02 4.6490952859300844e-01
    -6.8825123455359594e-01 -5.4973418163674861e-02
    1.1171206662433361e-02 -5.6409252733291788e-02
    -1.3901937478614085e-02 4.6492007261219603e-01
    -6.8834284040976779e-01 -5.4881905165670437e-02
    1.1180509696973902e-02 -5.6408836917505006e-02
    -1.3901918440846555e-02 4.6491434249027025e-01
    -6.8840981437336080e-01 -5.4965271675531280e-02
    1.1181715081492412e-02 -5.6408691535803107e-02
    -1.3901061627503057e-02 4.6490377820614653e-01
    -6.8835428236754603e-01 -5.4954589017610460e-02
    1.1173064910961187e-02 -5.6407450706429128e-02
    -1.3909032109867140e-02 4.6491269419764519e-01
    -6.8838121060518298e-01 -5.4953009489692534e-02
    1.1119126809848267e-02 -5.6408641610385973e-02
    -1.3906594530738182e-02 4.6492189752966917e-01
    -6.8840435129285293e-01 -5.4922175185982310e-02
    1.1137834193461996e-02 -5.6411654585968377e-02
    -1.3907959268992237e-02 4.6490548581357871e-01
    -6.8843151130302804e-01 -5.4893561435072083e-02
    1.1122450162680857e-02 -5.6412821026678057e-02
    -1.3906484701532084e-02 4.6490809492328722e-01
    -6.8834988309485390e-01 -5.4952754343528226e-02
    1.1121754282593368e-02 -5.6417196320121141e-02
    -1.3903155037918516e-02 4.6492507717418741e-01
    -6.8839713607749720e-01 -5.4946348974254870e-02
    1.1134086144369424e-02 -5.6417591552653898e-02
    -1.3893021878634271e-02 4.6492200005311268e-01
    -6.8846762090674729e-01 -5.4960142359771758e-02
    1.1126185586134858e-02 -5.6414002831304322e-02
    -1.3886344614364086e-02 4.6491843019920648e-01
    -6.8847382245389988e-01 -5.4933762020049952e-02
    1.1130084900759759e-02 -5.6417187251777592e-02
    -1.3889455779114228e-02 4.6492397957094134e-01
    -6.8846613894015285e-01 -5.4819109152067065e-02
    1.1135534708757042e-02 -5.6415831184810389e-02
    -1.3890184422939213e-02 4.6492701452544255e-01
    -6.8851680009938554e-01 -5.4855210809706574e-02
    1.1101179022689365e-02 -5.6416927261348962e-02
    -1.3890778736542262e-02 4.6491325936619549e-01
    -6.8845495843373239e-01 -5.4862090462573898e-02
    1.1085437460725796e-02 -5.6416493385416308e-02
    -1.3888913434469788e-02 4.6492877410340128e-01
    -6.8854419713218518e-01 -5.4899317166065026e-02
    1.1103630762415644e-02 -5.6410316326948665e-02
    -1.3885143314892157e-02 4.6491895721140558e-01</data></extrinsic_parameters>
