<?xml version="1.0"?>
<opencv_storage>
<calibration_time>"lun 20 mar 2017 16:06:07 PDT"</calibration_time>
<nr_of_frames>25</nr_of_frames>
<image_width>1040</image_width>
<image_height>776</image_height>
<board_width>9</board_width>
<board_height>6</board_height>
<square_size>9.3900002539157867e-03</square_size>
<fix_aspect_ratio>1.</fix_aspect_ratio>
<!-- flags: +fix_aspectRatio +fix_principal_point +zero_tangent_dist -->
<flags>6158</flags>
<fisheye_model>0</fisheye_model>
<camera_matrix type_id="opencv-matrix">
  <rows>3</rows>
  <cols>3</cols>
  <dt>d</dt>
  <data>
    1.7213806164040489e+03 0. 520. 0. 1.7213806164040489e+03 388. 0. 0.
    1.</data></camera_matrix>
<distortion_coefficients type_id="opencv-matrix">
  <rows>5</rows>
  <cols>1</cols>
  <dt>d</dt>
  <data>
    -2.0172078086343363e-02 -1.3847268206645511e+00 0. 0.
    1.4417539813924906e+01</data></distortion_coefficients>
<avg_reprojection_error>2.2568900431695232e-01</avg_reprojection_error>
<per_view_reprojection_errors type_id="opencv-matrix">
  <rows>25</rows>
  <cols>1</cols>
  <dt>f</dt>
  <data>
    2.25792676e-01 2.27962941e-01 2.26524025e-01 2.27684408e-01
    2.28113666e-01 2.26223066e-01 2.25597680e-01 2.24921942e-01
    2.23897830e-01 2.24179804e-01 2.26086691e-01 2.24809438e-01
    2.23501787e-01 2.25999236e-01 2.25887597e-01 2.26361021e-01
    2.25476339e-01 2.26115108e-01 2.24776790e-01 2.25965843e-01
    2.24782333e-01 2.27102950e-01 2.23451987e-01 2.25174785e-01
    2.25751773e-01</data></per_view_reprojection_errors>
<extrinsic_parameters type_id="opencv-matrix">
  <rows>25</rows>
  <cols>6</cols>
  <dt>d</dt>
  <data>
    -2.4140434431961680e-01 4.8302308587149442e-02
    -6.6999129384116507e-02 -7.6502616028351941e-02
    -2.8426331663448243e-02 3.7284827938850129e-01
    -2.4144788989986657e-01 4.8298446188479983e-02
    -6.6993777045398231e-02 -7.6503385925614648e-02
    -2.8431710533483250e-02 3.7284819486482013e-01
    -2.4135290022101913e-01 4.8383585116244167e-02
    -6.6983487574597003e-02 -7.6503102437157119e-02
    -2.8433668089414579e-02 3.7285299384450693e-01
    -2.4153663927125663e-01 4.8225940725073246e-02
    -6.6997602825269204e-02 -7.6504623736404917e-02
    -2.8431468209760176e-02 3.7284155049194495e-01
    -2.4155317765849163e-01 4.8264803256016869e-02
    -6.7002731273083552e-02 -7.6502870183366045e-02
    -2.8429888150914219e-02 3.7284072452538503e-01
    -2.4147829775205604e-01 4.8378591832613678e-02
    -6.6985096021786025e-02 -7.6506300945566472e-02
    -2.8434595247121924e-02 3.7284612210086732e-01
    -2.4141063069299426e-01 4.8357600117220186e-02
    -6.7003014644844719e-02 -7.6502216673668647e-02
    -2.8435141197432443e-02 3.7284349534703626e-01
    -2.4152228040830137e-01 4.8296009753071321e-02
    -6.7004231753562099e-02 -7.6501696205456229e-02
    -2.8435587698519085e-02 3.7284673708972110e-01
    -2.4148376498841381e-01 4.8351023378822515e-02
    -6.7012736214307839e-02 -7.6504098558338729e-02
    -2.8435636657708045e-02 3.7284855176339182e-01
    -2.4164602423422910e-01 4.8356256480843615e-02
    -6.7017555402422505e-02 -7.6499988246613082e-02
    -2.8434210789661431e-02 3.7285000465227403e-01
    -2.4149912301762419e-01 4.8326093996552320e-02
    -6.7008019283554224e-02 -7.6507202833902221e-02
    -2.8436663666228424e-02 3.7285002021969321e-01
    -2.4153248321466819e-01 4.8435998512552120e-02
    -6.7003919526952740e-02 -7.6503471978624962e-02
    -2.8437494831652369e-02 3.7284785744801702e-01
    -2.4160947156564411e-01 4.8339213611018304e-02
    -6.7035118464853161e-02 -7.6500239355559552e-02
    -2.8433519661482328e-02 3.7285540808602818e-01
    -2.4164740370885213e-01 4.8471487770118629e-02
    -6.7013585953952834e-02 -7.6496429953074693e-02
    -2.8432882841661834e-02 3.7285493998064018e-01
    -2.4150937962026159e-01 4.8417165169475404e-02
    -6.7031317180933248e-02 -7.6497865721342970e-02
    -2.8437015522099207e-02 3.7284867480459349e-01
    -2.4149937162865329e-01 4.8408780549224852e-02
    -6.7032558898712097e-02 -7.6501036090819236e-02
    -2.8445655548303670e-02 3.7285157031059862e-01
    -2.4158428183290137e-01 4.8563186279813909e-02
    -6.6999666461733484e-02 -7.6500985318613435e-02
    -2.8446847332416567e-02 3.7285635226186731e-01
    -2.4173796989065799e-01 4.8341645008939546e-02
    -6.7011324325927227e-02 -7.6499525373365462e-02
    -2.8428473914338125e-02 3.7285732232112856e-01
    -2.4185824090574784e-01 4.8463078416046988e-02
    -6.6992259482360567e-02 -7.6496356530709742e-02
    -2.8417116124206856e-02 3.7286595146041074e-01
    -2.4175472519430649e-01 4.8385992280749308e-02
    -6.7008029440443054e-02 -7.6496030829587142e-02
    -2.8430030397659338e-02 3.7287067317932426e-01
    -2.4183940680031227e-01 4.8567671795389525e-02
    -6.7020674563719740e-02 -7.6493583260840367e-02
    -2.8430426500916595e-02 3.7287254471849873e-01
    -2.4192547950591523e-01 4.8392557376823180e-02
    -6.7031912308283037e-02 -7.6493432477149043e-02
    -2.8424276291712236e-02 3.7287060408588213e-01
    -2.4190378503327212e-01 4.8499380754028029e-02
    -6.7019687452933421e-02 -7.6491356026625781e-02
    -2.8425010274693876e-02 3.7286928893864701e-01
    -2.4194092581878079e-01 4.8409666707373629e-02
    -6.7010774440532259e-02 -7.6491725049050774e-02
    -2.8426306300096040e-02 3.7286836993158484e-01
    -2.4192343902164470e-01 4.8545076002091382e-02
    -6.7013489959755951e-02 -7.6492424081950908e-02
    -2.8429730902793309e-02 3.7286458278936763e-01</data></extrinsic_parameters>
