<?xml version="1.0"?>
<opencv_storage>
<calibration_time>"Thu 23 Feb 2017 04:33:41 PM PST"</calibration_time>
<nr_of_frames>25</nr_of_frames>
<image_width>1040</image_width>
<image_height>776</image_height>
<board_width>9</board_width>
<board_height>6</board_height>
<square_size>1.2000000104308128e-02</square_size>
<fix_aspect_ratio>1.</fix_aspect_ratio>
<!-- flags: +fix_aspectRatio +fix_principal_point +zero_tangent_dist -->
<flags>6158</flags>
<fisheye_model>0</fisheye_model>
<camera_matrix type_id="opencv-matrix">
  <rows>3</rows>
  <cols>3</cols>
  <dt>d</dt>
  <data>
    2.9264943500795744e+03 0. 5.1950000000000000e+02 0.
    2.9264943500795744e+03 3.8750000000000000e+02 0. 0. 1.</data></camera_matrix>
<distortion_coefficients type_id="opencv-matrix">
  <rows>5</rows>
  <cols>1</cols>
  <dt>d</dt>
  <data>
    -3.0341615147327078e-01 -6.7160880832481640e+00 0. 0.
    1.4543502311261944e-01</data></distortion_coefficients>
<avg_reprojection_error>5.6047922722478971e-01</avg_reprojection_error>
<per_view_reprojection_errors type_id="opencv-matrix">
  <rows>25</rows>
  <cols>1</cols>
  <dt>f</dt>
  <data>
    3.79180938e-01 3.81145924e-01 3.79799515e-01 5.31076789e-01
    6.16523206e-01 6.87413692e-01 7.00869381e-01 7.51257122e-01
    7.00285494e-01 6.78295255e-01 2.98343241e-01 2.33074427e-01
    2.09752783e-01 2.61106521e-01 6.20358169e-01 4.82105792e-01
    4.02632713e-01 5.88058531e-01 6.41919971e-01 6.44603372e-01
    6.44119978e-01 6.41941607e-01 6.44662738e-01 6.43913507e-01
    6.43339157e-01</data></per_view_reprojection_errors>
<extrinsic_parameters type_id="opencv-matrix">
  <rows>25</rows>
  <cols>6</cols>
  <dt>d</dt>
  <data>
    1.8856576751092294e-01 -8.8221471682707248e-02
    2.7521391751381487e-02 -5.6834242933850400e-02
    2.5469072779726352e-02 7.6016406389777014e-01 1.8852377523193195e-01
    -8.8320363746797817e-02 2.7516645150232267e-02
    -5.6834640685818394e-02 2.5462841749779419e-02
    7.6016395825141236e-01 1.8847497140968678e-01
    -8.8222236066637427e-02 2.7497927812182583e-02
    -5.6836233177812286e-02 2.5455376582119681e-02
    7.6018442249177098e-01 5.0274762129281858e-01
    -9.2139346795623855e-02 1.4909774980043174e-02
    -4.4560294535588990e-02 -6.0180881680237820e-03
    7.2599747894444966e-01 4.3069893158858957e-01
    -1.1027076471540637e-01 2.3937999302246979e-02
    -3.5848553181072246e-02 -2.7410542451775839e-02
    7.0110753237850454e-01 4.4281938731519133e-01 3.6877662147288513e-02
    5.8731869036813067e-03 -9.5146151188820249e-02
    -3.1543158517874162e-02 6.9946572238439952e-01
    2.5906373419872675e-01 -1.2888747303084340e-02
    2.1282375026242025e-02 -9.4513217582330680e-02
    -2.9316002819957266e-02 6.9184407386588942e-01
    1.6815015140096390e-01 -1.7541022713842180e-02
    2.2250648429850518e-02 -9.2221255063742125e-02
    -2.8613046693904930e-02 6.9240317345061697e-01
    1.6411077804780008e-01 -1.3210115948890197e-01
    9.6434940215279676e-03 -6.3877712299315201e-02
    -2.8871565874433722e-02 6.8881468536027279e-01
    1.2407110097661017e-01 -2.8229340422733051e-01
    5.2446304266194677e-01 -3.5126652188460311e-02
    -3.7954975806850193e-02 6.6892484850329903e-01
    2.4385802867539100e-01 -3.7732400869956273e-01
    1.1020617591552213e+00 1.5021356140897755e-02
    -5.0788603467406213e-02 6.5716779297046368e-01
    1.9593018729902673e-01 -4.0096233492362776e-01
    1.4864987676262629e+00 4.7159133590185864e-02
    -3.9237463384827712e-02 6.7511638757791048e-01
    2.5859494697170493e-01 -4.4896512711953984e-01
    1.5091095424920073e+00 5.3010366282275942e-02
    -3.7893214046828702e-02 6.6731120023687196e-01
    3.1804303950804941e-01 -3.8377692388709211e-01
    1.5353912080831682e+00 -1.7661821778191852e-02
    -2.9530810778093688e-02 6.4786174145102948e-01
    7.9884363552989959e-02 -2.4187986550838808e-01
    1.0455159727339283e-01 -3.8628048710210985e-02
    -2.5749175068989570e-02 6.5624558650319420e-01
    1.0294706226794097e-01 -2.9412932212337406e-01
    1.0188675932713079e-01 -2.8011518459082535e-02
    -3.5629936001766206e-02 6.6899525550503358e-01
    9.6713024280779131e-02 -1.9969842164862678e-01
    9.5290884942481960e-02 -5.1886175988547271e-02
    1.8432899946314429e-02 7.4055546198926325e-01 1.2555565560902112e-02
    -1.4423781505592090e-01 3.2129794966515621e-02
    -5.1630082492719838e-02 3.0395591136725499e-02
    7.5448597240653781e-01 -4.3878531879493242e-03
    -1.5123150135346980e-01 3.4321836150705110e-02
    -5.2141429753028240e-02 3.0940445060158483e-02
    7.5333532002858028e-01 -4.2020590560000433e-03
    -1.5146020095005042e-01 3.4312032970571060e-02
    -5.2138621185630542e-02 3.0930981644601584e-02
    7.5330402661714491e-01 -4.4130419055303169e-03
    -1.5134187080368441e-01 3.4301494701832386e-02
    -5.2137139949607121e-02 3.0934633865180979e-02
    7.5334299922596137e-01 -4.4005885813187678e-03
    -1.5137590707728035e-01 3.4302510259667608e-02
    -5.2139517693814891e-02 3.0934492083795690e-02
    7.5333856663371512e-01 -4.2352656584067590e-03
    -1.5132110899225726e-01 3.4294507131681994e-02
    -5.2139322018028442e-02 3.0930110934554795e-02
    7.5333796536851516e-01 -4.2978223264673824e-03
    -1.5148313614237655e-01 3.4298444261910525e-02
    -5.2142290206794485e-02 3.0931018308688132e-02
    7.5331785919772432e-01 -4.2456480978871709e-03
    -1.5152189071749744e-01 3.4302486210938912e-02
    -5.2139210671711136e-02 3.0925756518253120e-02
    7.5330498896494347e-01</data></extrinsic_parameters>
