<?xml version="1.0"?>
<opencv_storage>
<calibration_time>"Fri 17 Mar 2017 06:48:40 PM PDT"</calibration_time>
<nr_of_frames>25</nr_of_frames>
<image_width>1040</image_width>
<image_height>776</image_height>
<board_width>9</board_width>
<board_height>6</board_height>
<square_size>9.3900002539157867e-03</square_size>
<fix_aspect_ratio>1.</fix_aspect_ratio>
<!-- flags: +fix_aspectRatio +fix_principal_point +zero_tangent_dist -->
<flags>6158</flags>
<fisheye_model>0</fisheye_model>
<camera_matrix type_id="opencv-matrix">
  <rows>3</rows>
  <cols>3</cols>
  <dt>d</dt>
  <data>
    4.2153103374749207e+03 0. 520. 0. 4.2153103374749207e+03 388. 0. 0.
    1.</data></camera_matrix>
<distortion_coefficients type_id="opencv-matrix">
  <rows>5</rows>
  <cols>1</cols>
  <dt>d</dt>
  <data>
    -2.8854020359140735e+00 6.9695289788894243e+01 0. 0.
    4.0562490229762993e-01</data></distortion_coefficients>
<avg_reprojection_error>5.3181677389200099e-01</avg_reprojection_error>
<per_view_reprojection_errors type_id="opencv-matrix">
  <rows>25</rows>
  <cols>1</cols>
  <dt>f</dt>
  <data>
    5.30434370e-01 5.31028748e-01 5.31360745e-01 5.33602238e-01
    5.34595370e-01 5.30626237e-01 5.29811263e-01 5.33038676e-01
    5.25349975e-01 5.29845119e-01 5.31207025e-01 5.30704319e-01
    5.32453477e-01 5.34235656e-01 5.32499433e-01 5.33228457e-01
    5.28295815e-01 5.28448045e-01 5.35463870e-01 5.30074894e-01
    5.31521857e-01 5.34258723e-01 5.33863425e-01 5.33920407e-01
    5.35415471e-01</data></per_view_reprojection_errors>
<extrinsic_parameters type_id="opencv-matrix">
  <rows>25</rows>
  <cols>6</cols>
  <dt>d</dt>
  <data>
    -4.6369825569578582e-02 -1.7078376220797567e-01
    -2.9059979892960410e-02 -5.7825975370737186e-02
    -3.2734412056892495e-02 8.6411589650144305e-01
    -4.6558693572254235e-02 -1.7059708624807438e-01
    -2.9072960981176354e-02 -5.7829659207495637e-02
    -3.2733820168368233e-02 8.6415674919675789e-01
    -4.6956487362960680e-02 -1.7103231679844755e-01
    -2.9135044098452034e-02 -5.7826190535566591e-02
    -3.2731456661869968e-02 8.6406050582899829e-01
    -4.6438340362900066e-02 -1.7082670187121485e-01
    -2.9103005420082921e-02 -5.7822333519128209e-02
    -3.2728757375126538e-02 8.6407624236884761e-01
    -4.6515085082065609e-02 -1.7075598601636868e-01
    -2.9100691751393935e-02 -5.7829547833809683e-02
    -3.2730243860279590e-02 8.6408472276442316e-01
    -4.6598327316320916e-02 -1.7102591677113055e-01
    -2.9109241415668136e-02 -5.7824516788857631e-02
    -3.2723569326862316e-02 8.6405350985460605e-01
    -4.6649468211229055e-02 -1.7103489956217793e-01
    -2.9103219420905081e-02 -5.7826500326238511e-02
    -3.2724974578037733e-02 8.6407883595526014e-01
    -4.6127090751427291e-02 -1.7085733171228179e-01
    -2.9050856378260680e-02 -5.7828421876634610e-02
    -3.2723707403063754e-02 8.6408263400965313e-01
    -4.6338367537604001e-02 -1.7063831399022911e-01
    -2.9049800357620784e-02 -5.7826630525334433e-02
    -3.2718352217130306e-02 8.6410698871100422e-01
    -4.6368930308248367e-02 -1.7121899558797987e-01
    -2.9079910592365994e-02 -5.7823332791381250e-02
    -3.2709582745686742e-02 8.6404395138961354e-01
    -4.6502517291496508e-02 -1.7134614687837163e-01
    -2.9085155324664502e-02 -5.7819792031258824e-02
    -3.2700837957125577e-02 8.6402381857231692e-01
    -4.7043516153030811e-02 -1.7105276550363221e-01
    -2.9088272043528887e-02 -5.7820375735944556e-02
    -3.2699948002710699e-02 8.6406790641948594e-01
    -4.6721920455351056e-02 -1.7101965242520700e-01
    -2.9124105373898992e-02 -5.7819539745983431e-02
    -3.2692841452479630e-02 8.6405561075424064e-01
    -4.6479121205590612e-02 -1.7128360392484315e-01
    -2.9080064316551385e-02 -5.7815740011048652e-02
    -3.2692805609078376e-02 8.6402080160412242e-01
    -4.6855446641858062e-02 -1.7134219999088460e-01
    -2.9092353653207559e-02 -5.7815297032927038e-02
    -3.2691346600745533e-02 8.6403008454831243e-01
    -4.6807649963456995e-02 -1.7131882237409896e-01
    -2.9124081446501349e-02 -5.7816526117077958e-02
    -3.2691772587503651e-02 8.6402149220539082e-01
    -4.6567323520982210e-02 -1.7107193151615721e-01
    -2.9101638899007139e-02 -5.7814911841525006e-02
    -3.2687787465709904e-02 8.6405545128474948e-01
    -4.6789755471255107e-02 -1.7134312449845129e-01
    -2.9083011335227546e-02 -5.7809446432276181e-02
    -3.2682207825595916e-02 8.6403117165171905e-01
    -4.6850876893412947e-02 -1.7125762122741778e-01
    -2.9083167039825587e-02 -5.7803322399765780e-02
    -3.2680335936376405e-02 8.6400005800993207e-01
    -4.6369858555833310e-02 -1.7126813287401527e-01
    -2.9050116428756202e-02 -5.7806524303253594e-02
    -3.2683445701443055e-02 8.6402414122277005e-01
    -4.6466772014721214e-02 -1.7125081202037776e-01
    -2.9035837899990102e-02 -5.7807342868839921e-02
    -3.2679495057162618e-02 8.6401924997654256e-01
    -4.6433333677723385e-02 -1.7132708549073733e-01
    -2.9070358377704820e-02 -5.7806765606539329e-02
    -3.2674563860549434e-02 8.6399309477806274e-01
    -4.6794132747016375e-02 -1.7110797625300372e-01
    -2.9083661970958904e-02 -5.7810064622883593e-02
    -3.2674037786246980e-02 8.6401649496291322e-01
    -4.6545716787211616e-02 -1.7121877169733352e-01
    -2.9104378392929130e-02 -5.7810830265966749e-02
    -3.2670856890981176e-02 8.6400810402449535e-01
    -4.6814037572753243e-02 -1.7139370699822079e-01
    -2.9084515192274455e-02 -5.7807999614752664e-02
    -3.2669517088489773e-02 8.6399918152947541e-01</data></extrinsic_parameters>
