<?xml version="1.0"?>
<opencv_storage>
<calibration_time>"ven 03 mar 2017 17:29:03 PST"</calibration_time>
<nr_of_frames>25</nr_of_frames>
<image_width>2080</image_width>
<image_height>1552</image_height>
<board_width>9</board_width>
<board_height>6</board_height>
<square_size>9.3900002539157867e-03</square_size>
<fix_aspect_ratio>1.</fix_aspect_ratio>
<!-- flags: +fix_aspectRatio +fix_principal_point +zero_tangent_dist -->
<flags>6158</flags>
<fisheye_model>0</fisheye_model>
<camera_matrix type_id="opencv-matrix">
  <rows>3</rows>
  <cols>3</cols>
  <dt>d</dt>
  <data>
    4.5783885829491855e+03 0. 1.0395000000000000e+03 0.
    4.5783885829491855e+03 7.7550000000000000e+02 0. 0. 1.</data></camera_matrix>
<distortion_coefficients type_id="opencv-matrix">
  <rows>5</rows>
  <cols>1</cols>
  <dt>d</dt>
  <data>
    -3.3126192566610102e-01 -8.4336729457584045e+00 0. 0.
    -2.5140742269672116e+00</data></distortion_coefficients>
<avg_reprojection_error>1.0853218041646833e+00</avg_reprojection_error>
<per_view_reprojection_errors type_id="opencv-matrix">
  <rows>25</rows>
  <cols>1</cols>
  <dt>f</dt>
  <data>
    1.08240056e+00 1.08449244e+00 1.08467484e+00 1.08311665e+00
    1.08086133e+00 1.08280694e+00 1.08502889e+00 1.08398318e+00
    1.08686590e+00 1.08615136e+00 1.08489406e+00 1.08602786e+00
    1.08406389e+00 1.08583641e+00 1.08602130e+00 1.08649623e+00
    1.08597708e+00 1.08595967e+00 1.08599710e+00 1.08388197e+00
    1.08398426e+00 1.09073365e+00 1.08506262e+00 1.08839655e+00
    1.08927977e+00</data></per_view_reprojection_errors>
<extrinsic_parameters type_id="opencv-matrix">
  <rows>25</rows>
  <cols>6</cols>
  <dt>d</dt>
  <data>
    -6.8500933701833533e-01 2.8114074329963792e-02
    1.0041457338866099e-02 -4.4023696082309771e-02
    -1.6252520144574432e-02 4.6744044489439140e-01
    -6.8502259099548446e-01 2.8196694194949051e-02
    1.0050221744545725e-02 -4.4022193258115981e-02
    -1.6253880072583479e-02 4.6744361568830384e-01
    -6.8501099291158907e-01 2.8141664223403594e-02
    1.0044989457326363e-02 -4.4028596547688516e-02
    -1.6256434978452822e-02 4.6743303794908397e-01
    -6.8503373833916625e-01 2.8133297960855473e-02
    1.0043853642724683e-02 -4.4028826548695610e-02
    -1.6261686030244079e-02 4.6743896938498258e-01
    -6.8497184831016777e-01 2.8097572088754671e-02
    1.0043396777043323e-02 -4.4032451758179547e-02
    -1.6267218395152782e-02 4.6743570303293314e-01
    -6.8498696200873166e-01 2.8109577804922851e-02
    1.0032192414368455e-02 -4.4034347744119767e-02
    -1.6267592732061849e-02 4.6743823388165684e-01
    -6.8502901808434347e-01 2.8067922937334046e-02
    1.0012271178645388e-02 -4.4036523953798146e-02
    -1.6270883772754319e-02 4.6743883678828907e-01
    -6.8498131031827170e-01 2.8116230724664206e-02
    1.0032829368134693e-02 -4.4039841800433764e-02
    -1.6273269869712628e-02 4.6744554173699948e-01
    -6.8500908740260169e-01 2.8082630372143334e-02
    1.0021226682628510e-02 -4.4042866058048712e-02
    -1.6275932886927944e-02 4.6743854782446909e-01
    -6.8496557741880226e-01 2.8064398222525426e-02
    1.0015286608993144e-02 -4.4045315003044296e-02
    -1.6279011634940724e-02 4.6744550098161292e-01
    -6.8492702228280722e-01 2.8080485538900607e-02
    1.0038102353467205e-02 -4.4045226229582055e-02
    -1.6277971578639680e-02 4.6744016375569891e-01
    -6.8499470506195759e-01 2.8092319537252421e-02
    1.0034985722494458e-02 -4.4042957302484136e-02
    -1.6272586214342501e-02 4.6743460115856372e-01
    -6.8501567125744534e-01 2.8070958663997989e-02
    1.0047735155453028e-02 -4.4043348185301159e-02
    -1.6273410755554985e-02 4.6743583213930223e-01
    -6.8496377259855223e-01 2.8103899511692725e-02
    1.0029337321143186e-02 -4.4042195780365397e-02
    -1.6272338744501520e-02 4.6743777619941046e-01
    -6.8495510866215192e-01 2.8063926264443203e-02
    1.0027321505430158e-02 -4.4042889434056605e-02
    -1.6276578556859735e-02 4.6743954785030245e-01
    -6.8504310661242118e-01 2.8099883237152699e-02
    1.0027811137663692e-02 -4.4042807703988211e-02
    -1.6273137443269192e-02 4.6743748916305189e-01
    -6.8500071466276902e-01 2.8127032091062279e-02
    1.0030252083584006e-02 -4.4042316717561876e-02
    -1.6277111871106781e-02 4.6743156267993302e-01
    -6.8500974287339700e-01 2.8081846083823251e-02
    1.0024180696208558e-02 -4.4042704707224746e-02
    -1.6279474381419457e-02 4.6743421647155747e-01
    -6.8495889307996105e-01 2.8067242745706156e-02
    1.0029348874426759e-02 -4.4045380693264975e-02
    -1.6282143679394730e-02 4.6743990101650712e-01
    -6.8498424008263692e-01 2.8053801303530832e-02
    1.0020020467103936e-02 -4.4042192160899767e-02
    -1.6284069806974812e-02 4.6744034475890783e-01
    -6.8495525556752568e-01 2.8096065138881972e-02
    1.0041788182976396e-02 -4.4039417783460058e-02
    -1.6286697837810348e-02 4.6743999692399169e-01
    -6.8495746985073158e-01 2.8091219802237541e-02
    1.0046040690200174e-02 -4.4037649002785131e-02
    -1.6288158664258971e-02 4.6743795735773619e-01
    -6.8496332434647922e-01 2.8038965140366297e-02
    1.0035202812615768e-02 -4.4036110430780012e-02
    -1.6284768776534751e-02 4.6743712161377921e-01
    -6.8497750949226111e-01 2.8123811622440674e-02
    1.0054309090410746e-02 -4.4035603980379631e-02
    -1.6287802301790000e-02 4.6743664778163230e-01
    -6.8499432119300618e-01 2.8068721971825330e-02
    1.0061654381997144e-02 -4.4035419745517376e-02
    -1.6290541757403958e-02 4.6744163273622119e-01</data></extrinsic_parameters>
