<?xml version="1.0"?>
<opencv_storage>
<camera_matrix  type_id="opencv-matrix">
  <rows>3</rows>
  <cols>3</cols>
  <dt>d</dt>
  <data>
    1.0707818169456268e+03 0. 3.8602546644664102e+02 0.
    1.1775435236302953e+03 2.2916198597412296e+02 0. 0. 1.</data></camera_matrix>
<distortion_coefficients type_id="opencv-matrix">
  <rows>5</rows>
  <cols>1</cols>
  <dt>d</dt>
  <data>
    -3.6230137587726835e-01 5.9393522255692188e-01
    7.2975988165497371e-04 -2.9467535000316613e-03 0.</data></distortion_coefficients>
</opencv_storage>
