<?xml version="1.0"?>
<opencv_storage>
<calibration_time>"ven 22 lug 2016 10:45:13 CEST"</calibration_time>
<nr_of_frames>25</nr_of_frames>
<image_width>640</image_width>
<image_height>480</image_height>
<board_width>9</board_width>
<board_height>6</board_height>
<square_size>50.</square_size>
<fix_aspect_ratio>1.</fix_aspect_ratio>
<!-- flags: +fix_aspectRatio +fix_principal_point +zero_tangent_dist -->
<flags>6158</flags>
<fisheye_model>0</fisheye_model>
<camera_matrix type_id="opencv-matrix">
  <rows>3</rows>
  <cols>3</cols>
  <dt>d</dt>
  <data>
    7.4807573892615585e+02 0. 3.1950000000000000e+02 0.
    7.4807573892615585e+02 2.3950000000000000e+02 0. 0. 1.</data></camera_matrix>
<distortion_coefficients type_id="opencv-matrix">
  <rows>5</rows>
  <cols>1</cols>
  <dt>d</dt>
  <data>
    -1.3138040794646005e-03 -8.2519310738949458e-01 0. 0.
    2.2190967226838438e+00</data></distortion_coefficients>
<avg_reprojection_error>3.6869704679623727e-01</avg_reprojection_error>
<per_view_reprojection_errors type_id="opencv-matrix">
  <rows>25</rows>
  <cols>1</cols>
  <dt>f</dt>
  <data>
    3.71787161e-01 3.70625526e-01 3.68023843e-01 3.70259792e-01
    3.71738762e-01 3.64076138e-01 3.69414717e-01 3.64444435e-01
    3.68138671e-01 3.72200549e-01 3.67802978e-01 3.62749994e-01
    3.68992925e-01 3.66147995e-01 3.67460310e-01 3.68970186e-01
    3.66480231e-01 3.66678387e-01 3.67710203e-01 3.71289492e-01
    3.71761650e-01 3.69792283e-01 3.72693479e-01 3.70455563e-01
    3.67500275e-01</data></per_view_reprojection_errors>
<extrinsic_parameters type_id="opencv-matrix">
  <rows>25</rows>
  <cols>6</cols>
  <dt>d</dt>
  <data>
    6.0026109162364255e-02 -1.3461978977283082e-01
    3.1102634303464387e+00 2.1027867187210759e+02 1.1383089524849089e+02
    7.4754871163885878e+02 5.9791941772229087e-02
    -1.3433755849964282e-01 3.1102746666389649e+00
    2.1027791424431138e+02 1.1383248288381689e+02 7.4753530691375749e+02
    5.9970139190251702e-02 -1.3445128878344961e-01
    3.1102771426031728e+00 2.1027424450536057e+02 1.1383918494951121e+02
    7.4752470462434769e+02 5.9792679077160314e-02
    -1.3456863970867913e-01 3.1102728399949253e+00
    2.1027963524043585e+02 1.1383201163766070e+02 7.4755545076067983e+02
    5.9782757038470934e-02 -1.3420484943354133e-01
    3.1103114924851765e+00 2.1027397250270246e+02 1.1383658916435570e+02
    7.4753830942195555e+02 5.9812307798019111e-02
    -1.3478525402655256e-01 3.1102630376355700e+00
    2.1027291996088431e+02 1.1383496784917364e+02 7.4757788994986208e+02
    5.9905563215154570e-02 -1.3429838717718190e-01
    3.1102879789981768e+00 2.1027753278995914e+02 1.1383830129434932e+02
    7.4751995036755329e+02 5.9609322046462299e-02
    -1.3460003652689184e-01 3.1102589304711881e+00
    2.1028439249318438e+02 1.1381543067242771e+02 7.4760288163966061e+02
    6.0102378678378324e-02 -1.3461532554394040e-01
    3.1102593423651679e+00 2.1027338259443823e+02 1.1382949487546213e+02
    7.4752941683249219e+02 5.9928628396356542e-02
    -1.3425300313576433e-01 3.1102768147232416e+00
    2.1027671312810759e+02 1.1383937468322894e+02 7.4751458409441841e+02
    5.9874258671609455e-02 -1.3456474565931767e-01
    3.1102687833558647e+00 2.1027757598278504e+02 1.1382532943396204e+02
    7.4754367417299375e+02 5.9670526298091171e-02
    -1.3438278675449453e-01 3.1102698355291705e+00
    2.1028328137852620e+02 1.1382457102401034e+02 7.4759226416919830e+02
    5.9784467942111390e-02 -1.3429490787147977e-01
    3.1102642600813359e+00 2.1028459956695298e+02 1.1383320628303470e+02
    7.4752508517882927e+02 5.9774815458712147e-02
    -1.3464600992709058e-01 3.1102565430864848e+00
    2.1027851722231088e+02 1.1382713632923523e+02 7.4757813607932337e+02
    5.9900225583158280e-02 -1.3442279686667841e-01
    3.1102804390999026e+00 2.1027933358500806e+02 1.1383518416614227e+02
    7.4756458321610614e+02 5.9525050126652428e-02
    -1.3443256577111554e-01 3.1102656041311820e+00
    2.1028754993019933e+02 1.1382325788797083e+02 7.4760307258426280e+02
    6.0078018505654834e-02 -1.3469330745383284e-01
    3.1102514317131287e+00 2.1027619169062044e+02 1.1383392475179807e+02
    7.4754156918578258e+02 5.9465893991072868e-02
    -1.3475543495277875e-01 3.1102476694353776e+00
    2.1028761763371807e+02 1.1382821351570385e+02 7.4761324044683374e+02
    5.9936303893277532e-02 -1.3450412088233454e-01
    3.1102782315831967e+00 2.1027491337127307e+02 1.1383672844806142e+02
    7.4753995810011565e+02 5.9629109393072054e-02
    -1.3453838131833828e-01 3.1102576501398582e+00
    2.1028150017949579e+02 1.1383712071044189e+02 7.4757739169953754e+02
    5.9920216944435140e-02 -1.3445551874894957e-01
    3.1102839253264647e+00 2.1028142943870810e+02 1.1384006396787287e+02
    7.4753214431383628e+02 6.0019220978432070e-02
    -1.3445612348587035e-01 3.1102699263359663e+00
    2.1028229650098336e+02 1.1383481866759715e+02 7.4752596966237161e+02
    5.9907598265940602e-02 -1.3418115657086302e-01
    3.1102778064375403e+00 2.1028174691148052e+02 1.1383323900824011e+02
    7.4750383280215419e+02 5.9826238606230292e-02
    -1.3436983001116071e-01 3.1102459914797635e+00
    2.1028297042193057e+02 1.1382355491559336e+02 7.4751760757957163e+02
    5.9885765494574049e-02 -1.3435012154573300e-01
    3.1102725978172301e+00 2.1028237044972545e+02 1.1384084548881678e+02
    7.4752562824965548e+02</data></extrinsic_parameters>
