%YAML:1.0
calibration_time: "gio 25 mag 2017 12:41:33 CEST"
image_width: 320
image_height: 240
flags: 0
camera_matrix: !!opencv-matrix
   rows: 3
   cols: 3
   dt: d
   data: [ 4.3549235309550988e+02, 0., 1.6611267150587742e+02, 0.,
       4.3637695778177027e+02, 1.2028281486917841e+02, 0., 0., 1. ]
distortion_coefficients: !!opencv-matrix
   rows: 1
   cols: 5
   dt: d
   data: [ -1.6295527930608376e-02, -8.0819321463432392e-01,
       2.6641230478034798e-04, 1.8654597959395685e-03,
       1.6994227814423384e+00 ]
avg_reprojection_error: 1.5383494597984229e-01
