<?xml version="1.0"?>
<opencv_storage>
<calibration_time>"ven 19 mag 2017 09:23:31 PDT"</calibration_time>
<nr_of_frames>25</nr_of_frames>
<image_width>640</image_width>
<image_height>480</image_height>
<board_width>9</board_width>
<board_height>6</board_height>
<square_size>9.3900002539157867e-03</square_size>
<fix_aspect_ratio>1.</fix_aspect_ratio>
<!-- flags: +fix_aspectRatio +fix_principal_point +zero_tangent_dist -->
<flags>6158</flags>
<fisheye_model>0</fisheye_model>
<camera_matrix type_id="opencv-matrix">
  <rows>3</rows>
  <cols>3</cols>
  <dt>d</dt>
  <data>
    8.9551324576267064e+02 0. 320. 0. 8.9551324576267064e+02 240. 0. 0.
    1.</data></camera_matrix>
<distortion_coefficients type_id="opencv-matrix">
  <rows>5</rows>
  <cols>1</cols>
  <dt>d</dt>
  <data>
    3.4949521528074651e-02 -2.9308139613120945e+00 0. 0.
    1.1723841800889057e+01</data></distortion_coefficients>
<avg_reprojection_error>6.7026550323039724e-01</avg_reprojection_error>
<per_view_reprojection_errors type_id="opencv-matrix">
  <rows>25</rows>
  <cols>1</cols>
  <dt>f</dt>
  <data>
    2.93967128e-01 2.87921369e-01 2.90073562e+00 3.17542315e-01
    3.34720224e-01 3.87377292e-01 4.09814745e-01 4.04240519e-01
    3.83099139e-01 2.26775274e-01 2.18072891e-01 4.82012421e-01
    3.11906159e-01 2.93499619e-01 3.39066446e-01 3.33245069e-01
    2.55725890e-01 2.81454086e-01 2.91050017e-01 2.84127384e-01
    3.15599591e-01 3.36765558e-01 3.95839274e-01 4.27158117e-01
    4.51415598e-01</data></per_view_reprojection_errors>
<extrinsic_parameters type_id="opencv-matrix">
  <rows>25</rows>
  <cols>6</cols>
  <dt>d</dt>
  <data>
    -2.7366047874898364e-01 1.5830243272799358e-01
    3.1217121617683947e+00 -2.3002981878900461e-03
    2.1385092580906945e-03 3.3815567998128959e-01
    -2.7263368551442047e-01 1.5972767641175389e-01
    3.1218249843993688e+00 -2.2985581352564389e-03
    2.1278296306376406e-03 3.3813342812400754e-01 3.6398925473433896e-01
    -2.7044661035375411e-01 -3.0992411823364980e+00
    -2.6983512887462876e-03 3.3617516478761551e-03
    3.3745607558619878e-01 -3.4453076332024862e-01
    1.0465046814859466e-01 2.4739606641022371e+00
    -1.2531395258581898e-02 -3.0890175633629247e-05
    3.3511458195896726e-01 -3.5979483326669959e-01
    8.9255055445873893e-02 2.4449031417996898e+00
    -1.1722765552662936e-02 -5.8712620672607592e-05
    3.3521336276379837e-01 -3.5850461432701003e-01
    9.4993246300697790e-02 2.1851816197857605e+00
    -2.4786948559226894e-02 3.0587137579140612e-04
    3.3220476118251963e-01 -3.2959745454309086e-01
    1.7101191396374510e-01 2.9271782409757021e+00 2.2113564202425162e-02
    2.0789939561121643e-02 3.3797555839028043e-01
    -3.3061722969115914e-01 1.7019708543765308e-01
    2.9272036971831654e+00 2.2101368850696575e-02 2.0803339177766028e-02
    3.3797871960162268e-01 2.9155337266393433e-01
    -1.5892754032678483e-01 -3.1102710064065220e+00
    9.5063358300236066e-03 2.3863787783545417e-02 3.3689056934550554e-01
    -2.9418743986594464e-01 1.5062629740787090e-01
    3.0585711133422575e+00 2.1187635439933608e-03
    -2.1878825706870601e-02 3.4276560843009235e-01
    -2.9364106039963195e-01 1.5193138779141188e-01
    3.0584574699828391e+00 2.1229427982247312e-03
    -2.1882101985337011e-02 3.4274074825480566e-01
    -4.7584047392440132e-01 -1.8504287846287876e-01
    2.9875143107619238e+00 -4.0317729198313338e-03
    -3.4696093233883202e-02 3.3770941790175485e-01
    -2.1686545328272475e-01 7.0308380240295154e-01
    2.8645155946916261e+00 -6.0703990124630512e-03
    1.5911298101016616e-02 3.0170661245822350e-01
    -2.3117488144053613e-01 6.9766857742640553e-01
    2.8821897911423280e+00 -8.5002528097866403e-03
    1.3561800041059129e-02 3.0222450601429379e-01
    -2.2617745453062113e-01 6.9898891347777825e-01
    2.8763237700639515e+00 -8.5845235966639198e-03
    1.2516777360259874e-02 3.0202089184461312e-01
    -1.8230577207625837e-01 6.6323469189403061e-01
    2.9060187738630487e+00 3.1583571367636259e-02
    -7.6693159527173238e-03 3.1137793428527694e-01
    -7.4419139565745321e-02 5.2052825664759439e-01
    2.9118334188322503e+00 2.9346536452714594e-02
    -1.1035850757547806e-02 3.1071900863244656e-01
    1.3127105137259404e-02 4.7661078217872749e-01 2.7464710074940770e+00
    5.8393462601560857e-02 -2.4555023271911471e-02
    3.1127910309591517e-01 9.6229599376622781e-03 4.7639554063546385e-01
    2.7423170443057212e+00 5.8474831284598010e-02
    -2.4751094788207958e-02 3.1155009433324560e-01
    -1.5370602002572709e-01 4.2412227593429058e-01
    2.7430034366977734e+00 5.3157348057243488e-02
    -3.4783695259501625e-02 3.2427332755396143e-01
    -1.7470731777753717e-01 3.6291391591893996e-01
    2.7592030230904929e+00 5.3395701568026380e-02
    -3.1515079847389708e-02 3.2640329743290780e-01
    -1.8170519098423132e-01 4.3637933717628014e-01
    2.7982529961667000e+00 6.5465227773834789e-02 1.6636385632727690e-02
    3.1843985658984097e-01 -2.0032564174684306e-01
    4.3537970518492725e-01 2.7918146726589268e+00 7.0445739535903176e-02
    3.1153575532457810e-02 3.1766722352292609e-01
    -2.0688793847088111e-01 4.2641190633232245e-01
    2.7854567451354622e+00 7.0605386317539459e-02 3.0021533902170203e-02
    3.1763987410490485e-01 -1.9851481340707366e-01
    3.8937777738206497e-01 2.7612678837406071e+00 7.3839078901234839e-02
    3.5411942892415817e-02 3.1920100807487073e-01</data></extrinsic_parameters>
