
  taskspace_to_PSM1_tr: [0.100305, -0.0545737, -0.0834832, -0.0135711,-0.0052687, 0.00346268, 0.999888]

  taskspace_to_PSM2_tr: [0.09816002517357221, -0.04625218059603547, -0.08613333718309178, 0.0001949906100244763,
  -0.006286864625732646, -0.005605109472589381, 0.9999645094000288]


  taskspace_to_right_cam_transform: [0.0612637650774 ,-0.0424762720368 ,0.468798457065 ,-0.00600552623288 ,0.941291934088 ,-0.337424485331 ,-0.00883997595449]

  taskspace_to_left_cam_transform: [0.0592746599621, -0.0385917515017, 0.465261272744, -0.00790780948248, 0.940192633381, -0.340516006209, -0.00491204653134]

  left_cam_to_right_cam_transform: [-0.0303521, -0.00234023, -0.00311738, -0.00308049, 0.0455042, -0.000920183,   0.998959]


