
  taskspace_to_psm1_tr: [0.0625529, -0.0427051, -0.180144, -0.000590648, 0.00130007, -0.0271225,  0.999631]
  taskspace_to_psm2_tr: [0.066711, -0.0418947, -0.180602, 0.999713, -0.02264, -0.0046420,  -0.00622934]



