
  taskspace_to_psm1_tr: [0.06975183158467946, -0.044896462965694536, -0.1886528031817931, -0.0064811985949385165,
                          -0.0018147878400363148, -0.00797855449467206, 0.9999455201549954]
  taskspace_to_psm2_tr: [0.06975183158467946, -0.044896462965694536, -0.1886528031817931, -0.0064811985949385165,
                          -0.0018147878400363148, -0.00797855449467206, 0.9999455201549954]
  left_cam_to_right_cam_transform: [-0.0303521, -0.00234023, -0.00311738, -0.00308049, 0.0455042, -0.000920183,   0.998959]


