
  board_to_robot_tr: [-0.058605875819921494, 0.030694810673594475, -0.15846331417560577,
      0.6413271101970369, 0.09403254079962302, 0.6955475173678014, 0.3099533679707319]
  
  camId: 0
  events_topic_name: taskEvents
  camera_image_topic_name: /near/ecm/right
  markerlength_m: 0.0265
  tool_pose_topic_name: /dvrk/PSM1/position_cartesian_current
  camera_pose_topic_name: /dvrk/ECM/position_cartesian_curren
  
  arucoMarkersX: 6
  arucoMarkersY: 4
  arucoMarkerLength_px: 100
  arucoMarkerSeparation_px: 20
  arucoDictionaryId: 0
  arucoMarkerLength_m: 0.0108



